2 2 2 2 2 2 2 2 2 2 2 2 2 2 2 2 2 2 2 2 2 2 2 2 2 2 2 2 2 2 2 2 2 2 2 2 2 2 2 2 2 2 2 2 2 2 2 2 2 2 2 2 2 2 2 2 2 2 2 2 2 2 2 2 2 2 2 2 2 2 2 2 2 2 2 2 2 2 2 2 2 2 2 2 2 2 2 2 2 2 2 2 2 2 2 2 2 2 2 2 2 2 2 2 2 2 2 2 2 2 2 2 2 2 2 2 2 2 2 2 2 2 2 2 2 2 2 2 2 2 2 2 2 2 2 2 2 2 2 2 2 2 2 2 2 2 2 2 2 2 2 2 2 2 2 2 2 2 2 2 2 2 2 2 2 2 2 2 2 2 2 2 2 2 2 2 2 2 2 2 2 2 2 2 2 2 2 2 2 2 2 2 2 2 2 2 2 2 2 2 2 2 2 2 2 2 2 2 2 2 2 2 2 2 2 2 2 2 2 2 2 2 2 2 2 2 2 2 2 2 
2 2 2 2 2 2 2 2 2 2 2 2 2 2 2 2 2 2 2 2 2 2 2 2 2 2 2 2 2 2 2 2 2 2 2 2 2 2 2 2 2 2 2 2 2 2 2 2 2 2 2 2 2 2 2 2 2 2 2 2 2 2 2 2 2 2 2 2 2 2 2 2 2 2 2 2 2 2 2 2 2 2 2 2 2 2 2 2 2 2 2 2 2 2 2 2 2 2 2 2 2 2 2 2 2 2 2 2 2 2 2 2 2 2 2 2 2 2 2 2 2 2 2 2 2 2 2 2 2 2 2 2 2 2 2 2 2 2 2 2 2 2 2 2 2 2 2 2 2 2 2 2 2 2 2 2 2 2 2 2 2 2 2 2 2 2 2 2 2 2 2 2 2 2 2 2 2 2 2 2 2 2 2 2 2 2 2 2 2 2 2 2 2 2 2 2 2 2 2 2 2 2 2 2 2 2 2 2 2 2 2 2 2 2 2 2 2 2 2 2 2 2 2 2 2 2 2 2 2 2 
2 2 2 2 2 2 2 2 2 2 2 2 2 2 2 2 2 2 2 2 2 2 2 2 2 2 2 2 2 2 2 2 2 2 2 2 2 2 2 2 2 2 2 2 2 2 2 2 2 2 2 2 2 2 2 2 2 2 2 2 2 2 2 2 2 2 2 2 2 2 2 2 2 2 2 2 2 2 2 2 2 2 2 2 2 2 2 2 2 2 2 2 2 2 2 2 2 2 2 2 2 2 2 2 2 2 2 2 2 2 2 2 2 2 2 2 2 2 2 2 2 2 2 2 2 2 2 2 2 2 2 2 2 2 2 2 2 2 2 2 2 2 2 2 2 2 2 2 2 2 2 2 2 2 2 2 2 2 2 2 2 2 2 2 2 2 2 2 2 2 2 2 2 2 2 2 2 2 2 2 2 2 2 2 2 2 2 2 2 2 2 2 2 2 2 2 2 2 2 2 2 2 2 2 2 2 2 2 2 2 2 2 2 2 2 2 2 2 2 2 2 2 2 2 2 2 2 2 2 2 
2 2 2 2 2 2 2 2 2 2 2 2 2 2 2 2 2 2 2 2 2 2 2 2 2 2 2 2 2 2 2 2 2 2 2 2 2 2 2 2 2 2 2 2 2 2 2 2 2 2 2 2 2 2 2 2 2 2 2 2 2 2 2 2 2 2 2 2 2 2 2 2 2 2 2 2 2 2 2 2 2 2 2 2 2 2 2 2 2 2 2 2 2 2 2 2 2 2 2 2 2 2 2 2 2 2 2 2 2 2 2 2 2 2 2 2 2 2 2 2 2 2 2 2 2 2 2 2 2 2 2 2 2 2 2 2 2 2 2 2 2 2 2 2 2 2 2 2 2 2 2 2 2 2 2 2 2 2 2 2 2 2 2 2 2 2 2 2 2 2 2 2 2 2 2 2 2 2 2 2 2 2 2 2 2 2 2 2 2 2 2 2 2 2 2 2 2 2 2 2 2 2 2 2 2 2 2 2 2 2 2 2 2 2 2 2 2 2 2 2 2 2 2 2 2 2 2 2 2 2 
2 2 2 2 2 2 2 2 2 2 2 2 2 2 2 2 2 2 2 2 2 2 2 2 2 2 2 2 2 2 2 2 2 2 2 2 2 2 2 2 2 2 2 2 2 2 2 2 2 2 2 2 2 2 2 2 2 2 2 2 2 2 2 2 2 2 2 2 2 2 2 2 2 2 2 2 2 2 2 2 2 2 2 2 2 2 2 2 2 2 2 2 2 2 2 2 2 2 2 2 2 2 2 2 2 2 2 2 2 2 2 2 2 2 2 2 2 2 2 2 2 2 2 2 2 2 2 2 2 2 2 2 2 2 2 2 2 2 2 2 2 2 2 2 2 2 2 2 2 2 2 2 2 2 2 2 2 2 2 2 2 2 2 2 2 2 2 2 2 2 2 2 2 2 2 2 2 2 2 2 2 2 2 2 2 2 2 2 2 2 2 2 2 2 2 2 2 2 2 2 2 2 2 2 2 2 2 2 2 2 2 2 2 2 2 2 2 2 2 2 2 2 2 2 2 2 2 2 2 2 
2 2 2 2 2 2 2 2 2 2 2 2 2 2 2 2 2 2 2 2 2 2 2 2 2 2 2 2 2 2 2 2 2 2 2 2 2 2 2 2 2 2 2 2 2 2 2 2 2 2 2 2 2 2 2 2 2 2 2 2 2 2 2 2 2 2 2 2 2 2 2 2 2 2 2 2 2 2 2 2 2 2 2 2 2 2 2 2 2 2 2 2 2 2 2 2 2 2 2 2 2 2 2 2 2 2 2 2 2 2 2 2 2 2 2 2 2 2 2 2 2 2 2 2 2 2 2 2 2 2 2 2 2 2 2 2 2 2 2 2 2 2 2 2 2 2 2 2 2 2 2 2 2 2 2 2 2 2 2 2 2 2 2 2 2 2 2 2 2 2 2 2 2 2 2 2 2 2 2 2 2 2 2 2 2 2 2 2 2 2 2 2 2 2 2 2 2 2 2 2 2 2 2 2 2 2 2 2 2 2 2 2 2 2 2 2 2 2 2 2 2 2 2 2 2 2 2 2 2 2 
2 2 2 2 2 2 2 2 2 2 2 2 2 2 2 2 2 2 2 2 2 2 2 2 2 2 2 2 2 2 2 2 2 2 2 2 2 2 2 2 2 2 2 2 2 2 2 2 2 2 2 2 2 2 2 2 2 2 2 2 2 2 2 2 2 2 2 2 2 2 2 2 2 2 2 2 2 2 2 2 2 2 2 2 2 2 2 2 2 2 2 2 2 2 2 2 2 2 2 2 2 2 2 2 2 2 2 2 2 2 2 2 2 2 2 2 2 2 2 2 2 2 2 2 2 2 2 2 2 2 2 2 2 2 2 2 2 2 2 2 2 2 2 2 2 2 2 2 2 2 2 2 2 2 2 2 2 2 2 2 2 2 2 2 2 2 2 2 2 2 2 2 2 2 2 2 2 2 2 2 2 2 2 2 2 2 2 2 2 2 2 2 2 2 2 2 2 2 2 2 2 2 2 2 2 2 2 2 2 2 2 2 2 2 2 2 2 2 2 2 2 2 2 2 2 2 2 2 2 2 
2 2 2 2 2 2 2 2 2 2 2 2 2 2 2 2 2 2 2 2 2 2 2 2 2 2 2 2 2 2 2 2 2 2 2 2 2 2 2 2 2 2 2 2 2 2 2 2 2 2 2 2 2 2 2 2 2 2 2 2 2 2 2 2 2 2 2 2 2 2 2 2 2 2 2 2 2 2 2 2 2 2 2 2 2 2 2 2 2 2 2 2 2 2 2 2 2 2 2 2 2 2 2 2 2 2 2 2 2 2 2 2 2 2 2 2 2 2 2 2 2 2 2 2 2 2 2 2 2 2 2 2 2 2 2 2 2 2 2 2 2 2 2 2 2 2 2 2 2 2 2 2 2 2 2 2 2 2 2 2 2 2 2 2 2 2 2 2 2 2 2 2 2 2 2 2 2 2 2 2 2 2 2 2 2 2 2 2 2 2 2 2 2 2 2 2 2 2 2 2 2 2 2 2 2 2 2 2 2 2 2 2 2 2 2 2 2 2 2 2 2 2 2 2 2 2 2 2 2 2 
2 2 2 2 2 2 2 2 2 2 2 2 2 2 2 2 2 2 2 2 2 2 2 2 15 8 8 8 8 8 8 8 8 8 8 8 8 8 8 8 8 16 2 2 2 2 2 2 2 2 2 2 2 2 2 2 2 2 2 2 2 2 2 2 2 2 2 2 2 2 2 2 2 2 2 2 2 2 2 2 2 2 2 2 2 2 2 2 2 2 2 2 2 2 2 2 2 2 2 2 2 2 2 2 2 2 2 2 2 2 2 2 2 2 2 2 2 2 2 2 2 2 2 2 2 2 2 2 2 2 2 2 2 2 2 2 2 2 2 2 2 2 2 2 2 2 2 2 2 2 2 2 2 2 2 2 2 2 2 2 2 2 2 2 2 2 2 2 2 2 2 2 2 2 2 2 2 2 2 2 2 2 2 2 2 2 2 2 2 2 2 2 2 2 2 2 2 2 2 2 2 2 2 2 2 2 2 2 2 2 2 2 2 2 2 2 2 2 2 2 2 2 2 2 2 2 2 2 2 2 
2 2 2 2 2 2 2 2 2 2 2 2 2 2 2 2 2 2 2 2 2 2 2 2 9 5 5 5 5 5 5 5 5 5 5 5 5 5 5 5 5 10 2 2 2 2 2 2 2 2 2 2 2 2 2 2 2 2 2 2 2 2 2 2 2 2 2 2 2 2 2 2 2 2 2 2 2 2 2 2 2 2 2 2 2 2 2 2 2 2 2 2 2 2 2 2 2 2 2 2 2 2 2 2 2 2 2 2 2 2 2 2 2 2 2 2 2 2 2 2 2 2 2 2 2 2 2 2 2 2 2 2 2 2 2 2 2 2 2 2 2 2 2 2 2 2 2 2 2 2 2 2 2 2 2 2 2 2 2 2 2 2 2 2 2 2 2 2 2 2 2 2 2 2 2 2 2 2 2 2 2 2 2 2 2 2 2 2 2 2 2 2 2 2 2 2 2 2 2 2 2 2 2 2 2 2 2 2 2 2 2 2 2 2 2 2 2 2 2 2 2 2 2 2 2 2 2 2 2 2 
2 2 2 2 2 2 2 2 2 2 2 2 2 2 2 2 2 2 2 2 2 2 2 2 9 5 5 5 5 5 5 5 5 5 5 5 5 5 5 5 5 10 2 2 2 2 2 2 2 2 2 2 2 2 2 2 2 2 2 2 2 2 2 2 2 2 2 2 2 2 2 2 2 2 2 2 2 2 2 2 2 2 2 2 2 2 2 2 2 2 2 2 2 2 2 2 2 2 2 2 2 2 2 2 2 2 2 2 2 2 2 2 2 2 2 2 2 2 2 2 2 2 2 2 2 2 2 2 2 2 2 2 2 2 2 2 2 2 2 2 2 2 2 2 2 2 2 2 2 2 2 2 2 2 2 2 2 2 2 2 2 2 2 2 2 2 2 2 2 2 2 2 2 2 2 2 2 2 2 2 2 2 2 2 2 2 2 2 2 2 2 2 2 2 2 2 2 2 2 2 2 2 2 2 2 2 2 2 2 2 2 2 2 2 2 2 2 2 2 2 2 2 2 2 2 2 2 2 2 2 
2 2 2 2 2 2 2 2 2 2 2 2 2 2 2 2 2 2 2 2 2 2 2 2 18 7 7 7 7 7 7 7 7 7 7 7 7 7 7 7 7 17 2 2 2 2 2 2 2 2 2 2 2 2 2 2 2 2 2 2 2 2 2 2 2 2 2 2 2 2 2 2 2 2 2 2 2 2 2 2 2 2 2 2 2 2 2 2 2 2 2 2 2 2 2 2 2 2 2 2 2 2 2 2 2 2 2 2 2 2 2 2 2 2 2 2 2 2 2 2 2 2 2 2 2 2 2 2 2 2 2 2 2 2 2 2 2 2 2 2 2 2 2 2 2 2 2 2 2 2 2 2 2 2 2 2 2 2 2 2 2 2 2 2 2 2 2 2 2 2 2 2 2 2 2 2 2 2 2 2 2 2 2 2 2 2 2 2 2 2 2 2 2 2 2 2 2 2 2 2 2 2 2 2 2 2 2 2 2 2 2 2 2 2 2 2 2 2 2 2 2 2 2 2 2 2 2 2 2 2 
2 2 2 2 2 2 2 2 2 2 2 2 2 2 2 2 2 2 2 2 2 2 2 2 2 2 2 2 2 2 2 2 2 2 2 2 2 2 2 2 2 2 2 2 2 2 2 2 2 2 2 2 2 2 2 2 2 2 2 2 2 2 2 2 2 2 2 2 2 2 2 2 2 2 2 2 2 2 2 2 2 2 2 2 2 2 2 2 2 2 2 2 2 2 2 2 2 2 2 2 2 2 2 2 2 2 2 2 2 2 2 2 2 2 2 2 2 2 2 2 2 2 2 2 2 2 2 2 2 2 2 2 2 2 2 2 2 2 2 2 2 2 2 2 2 2 2 2 2 2 2 2 2 2 2 2 2 2 2 2 2 2 2 2 2 2 2 2 2 2 2 2 2 2 2 2 2 2 2 2 2 2 2 2 2 2 2 2 2 2 2 2 2 2 2 2 2 2 2 2 2 2 2 2 2 2 2 2 2 2 2 2 2 2 2 2 2 2 2 2 2 2 2 2 2 2 2 2 2 2 
2 2 2 2 2 2 2 2 2 2 2 2 2 2 2 2 2 2 2 2 2 2 2 2 2 2 2 2 2 2 2 2 2 2 2 2 2 2 2 2 2 2 2 2 2 2 2 2 2 2 2 2 2 2 2 2 2 2 2 2 2 2 2 2 2 2 2 2 2 2 2 2 2 2 2 2 2 2 2 2 2 2 2 2 2 2 2 2 2 2 2 2 2 2 2 2 2 2 2 2 2 2 2 2 2 2 2 2 2 2 2 2 2 2 2 2 2 2 2 2 2 2 2 2 2 2 2 2 2 2 2 2 2 2 2 2 2 2 2 2 2 2 2 2 2 2 2 2 2 2 2 2 2 2 2 2 2 2 2 2 2 2 2 2 2 2 2 2 2 2 2 2 2 2 2 2 2 2 2 2 2 2 2 2 2 2 2 2 2 2 2 2 2 2 2 2 2 2 2 2 2 2 2 2 2 2 2 2 2 2 2 2 2 2 2 2 2 2 2 2 2 2 2 2 2 2 2 2 2 2 
2 2 2 2 2 2 2 2 2 2 2 2 2 2 2 2 2 2 2 2 2 2 2 2 2 2 2 2 2 2 2 2 2 2 2 2 2 2 2 2 2 2 2 2 2 2 2 2 2 2 2 2 2 2 2 2 2 2 2 2 2 2 2 2 2 2 2 2 2 2 2 2 2 2 2 2 2 2 2 2 2 2 2 2 2 2 2 2 2 2 2 2 2 2 2 2 2 2 2 2 2 2 2 2 2 2 2 2 2 2 2 2 2 2 2 2 2 2 2 2 2 2 2 2 2 2 2 2 2 2 2 2 2 2 2 2 2 2 2 2 2 2 2 2 2 2 2 2 2 2 2 2 2 2 2 2 2 2 2 2 2 2 2 2 2 2 2 2 2 2 2 2 2 2 2 2 2 2 2 2 2 2 2 2 2 2 2 2 2 2 2 2 2 2 2 2 2 2 2 2 2 2 2 2 2 2 2 2 2 2 2 2 2 2 2 2 2 2 2 2 2 2 2 2 2 2 2 2 2 2 
2 2 2 2 2 2 2 2 2 2 2 2 2 2 2 2 2 2 2 2 2 2 2 2 2 2 2 2 2 2 2 2 2 2 2 2 2 2 2 2 2 2 2 2 2 2 2 2 2 2 2 2 2 2 2 2 2 2 2 2 2 2 2 2 2 2 2 2 2 2 2 2 2 2 2 2 2 2 2 2 2 2 2 2 2 2 2 2 2 2 2 2 15 8 8 8 8 8 8 8 8 8 8 8 8 8 8 8 8 8 8 8 8 16 2 2 2 15 8 16 2 2 15 8 16 2 2 2 2 2 2 2 2 2 2 2 2 2 2 2 2 2 2 2 2 2 2 2 2 2 2 2 2 2 2 2 2 2 2 2 2 2 2 2 2 2 2 2 2 2 2 2 2 2 2 2 2 2 2 2 2 2 2 2 2 2 2 2 2 2 2 2 2 2 2 2 2 2 2 2 2 2 2 2 2 2 2 2 2 2 2 2 2 2 2 2 2 2 2 2 2 2 2 2 2 2 2 2 2 2 
2 2 2 2 2 2 2 2 2 2 2 2 2 2 2 2 2 2 2 2 2 2 2 2 2 2 2 2 2 2 2 2 2 2 2 2 2 2 2 2 2 2 2 2 2 2 2 2 2 2 2 2 2 2 2 2 2 2 2 2 2 2 2 2 2 2 2 2 2 2 2 2 2 2 2 2 2 2 2 2 2 2 2 2 2 2 2 2 2 2 2 2 9 3 3 3 5 5 5 5 5 3 3 3 3 3 3 3 5 5 3 3 3 11 16 2 2 9 3 10 2 2 9 3 10 2 2 2 2 2 2 2 2 2 2 2 2 2 2 2 2 2 2 2 2 2 2 2 2 2 2 2 2 2 2 2 2 2 2 2 2 2 2 2 2 2 2 2 2 2 2 2 2 2 2 2 2 2 2 2 2 2 2 2 15 8 8 16 2 2 2 2 2 2 2 2 2 2 2 2 2 2 2 2 2 2 2 2 2 2 2 2 2 2 2 2 2 2 2 2 2 2 2 2 2 2 2 2 2 2 
2 2 2 2 2 2 2 2 2 2 2 2 2 2 2 2 15 8 16 2 2 2 2 2 2 2 2 2 2 2 15 8 8 8 8 16 2 2 2 2 2 2 2 2 2 2 15 16 2 2 2 2 2 2 2 2 2 2 2 2 2 2 2 2 2 2 2 2 2 2 2 2 2 2 2 2 2 2 2 2 2 2 2 2 2 2 2 2 2 2 2 2 9 3 0 0 3 5 14 7 7 7 7 13 3 14 7 7 7 13 3 0 0 3 11 16 2 9 3 10 2 2 9 3 10 2 2 2 2 2 15 3 16 2 2 2 2 2 2 2 2 2 2 15 8 16 2 2 2 2 15 8 16 2 2 2 2 2 2 2 2 2 2 2 2 2 2 2 2 2 2 5 2 2 2 2 2 2 2 2 2 2 2 2 9 5 5 11 8 8 8 8 8 8 8 8 8 8 8 8 8 8 8 8 16 2 2 2 2 2 2 2 2 2 2 2 2 2 2 2 2 2 2 2 2 2 2 2 2 2 
2 2 2 2 2 2 2 2 2 2 2 2 2 2 2 2 18 13 11 8 8 8 8 8 16 2 15 8 8 8 12 5 5 5 5 3 3 3 3 3 3 3 3 3 3 3 3 10 2 15 16 2 2 2 2 2 2 2 2 2 2 2 2 2 2 2 2 2 2 2 2 2 2 2 2 2 2 2 2 2 2 2 2 2 2 2 2 2 2 2 2 2 9 3 0 0 0 3 10 2 2 2 2 9 3 10 2 2 2 9 3 0 0 0 3 10 2 9 3 10 2 2 9 3 10 2 2 2 2 3 3 3 3 3 3 3 3 3 3 3 3 3 3 3 3 3 3 3 3 3 3 3 10 2 2 2 2 2 2 2 2 2 2 2 2 2 2 2 2 2 5 2 2 2 2 2 2 2 2 2 2 2 2 2 9 5 5 5 5 5 5 5 5 5 5 5 5 5 5 5 5 5 5 5 10 2 2 2 2 2 2 2 2 2 2 2 2 2 2 2 2 2 2 2 2 2 2 2 2 2 
2 2 2 2 2 2 2 2 2 2 2 2 2 2 2 2 2 9 5 0 0 0 0 0 3 3 3 0 0 0 5 5 5 5 5 10 2 2 2 2 2 2 2 2 2 2 18 17 2 9 10 2 2 2 2 2 2 2 2 2 2 2 2 2 2 2 2 5 2 2 2 2 2 2 2 2 2 2 2 2 2 2 2 2 2 2 2 2 2 2 2 2 9 3 0 0 0 3 11 16 2 2 2 9 3 10 2 2 2 9 3 0 0 0 3 11 16 9 3 10 2 2 9 3 10 2 2 2 2 2 18 3 17 2 2 2 2 2 2 2 2 2 2 18 3 17 2 2 2 2 9 3 10 2 2 2 2 2 2 2 15 16 2 2 2 2 2 2 2 5 2 2 2 2 2 2 2 2 2 2 2 2 2 2 9 5 5 14 7 7 7 7 7 7 7 7 7 7 7 7 7 7 7 13 11 8 8 8 8 16 2 2 2 2 2 2 2 2 2 2 2 2 2 2 2 2 2 2 2 2 
2 2 2 2 2 2 2 2 2 2 2 2 2 2 2 2 2 18 7 7 7 7 7 7 17 3 9 5 0 5 5 14 7 7 7 17 2 2 2 2 2 2 2 2 2 2 2 2 2 9 10 2 2 2 2 2 2 2 2 2 2 2 2 2 2 2 2 2 5 2 2 2 2 2 2 2 2 2 2 2 2 2 2 2 2 2 2 2 2 2 2 15 12 3 0 0 0 0 3 10 2 2 2 9 3 10 2 2 2 9 3 0 0 0 0 3 11 12 3 11 8 8 12 3 10 2 2 2 2 2 2 3 2 2 2 2 2 2 2 2 2 2 2 2 3 2 2 2 2 2 9 3 3 3 3 3 3 3 3 3 3 10 2 2 2 2 2 2 5 5 5 5 5 5 5 5 5 5 5 5 5 2 2 2 9 5 5 10 2 2 2 2 2 2 2 2 2 2 2 2 2 2 2 18 7 7 7 13 5 10 2 2 2 2 2 2 2 2 2 2 2 2 2 2 2 2 2 2 2 2 
2 2 2 2 2 15 8 8 8 8 8 8 8 16 2 2 2 2 2 2 2 2 2 2 2 3 18 13 5 5 14 17 2 2 2 2 2 2 2 2 2 2 2 2 2 2 15 8 8 12 11 8 8 16 2 2 2 2 2 2 2 2 2 2 2 2 2 2 2 5 2 2 2 2 2 2 2 2 2 2 2 2 2 2 2 2 2 2 2 2 2 9 3 3 3 0 0 0 3 10 2 2 2 9 3 10 2 2 2 9 3 0 0 0 0 3 5 5 3 3 3 3 3 3 10 2 2 2 2 2 2 3 2 2 2 2 2 2 2 2 2 2 2 2 3 2 2 2 2 2 18 17 2 2 2 2 2 2 2 2 18 17 2 2 2 2 2 2 2 5 2 2 2 2 2 2 2 2 2 2 2 2 2 2 9 5 5 10 2 2 2 2 2 2 2 2 2 2 2 2 2 2 2 2 2 2 2 18 13 10 2 2 2 2 2 2 2 2 2 2 2 2 2 2 2 2 2 2 2 2 
2 2 2 2 2 9 5 5 5 5 5 5 5 10 2 2 2 2 2 2 2 2 2 2 2 3 2 18 13 14 17 2 2 2 2 2 2 2 2 2 2 2 2 2 2 2 18 7 7 13 14 7 7 17 2 2 2 2 2 5 5 5 5 5 5 5 5 5 5 5 5 2 2 2 2 2 2 2 2 2 2 2 2 2 2 2 2 2 2 2 2 18 13 3 0 0 0 0 3 10 2 2 2 9 3 10 2 2 2 9 3 0 0 0 0 3 14 13 3 14 7 7 13 3 10 2 2 2 2 2 2 3 2 2 2 2 2 2 2 2 2 2 2 2 3 2 2 2 2 2 2 2 2 2 2 2 2 2 2 2 2 2 2 2 2 2 2 2 2 2 5 2 2 2 2 2 2 2 2 2 2 2 2 2 9 5 5 10 2 2 2 2 2 2 2 2 2 2 2 2 2 2 2 2 2 2 2 2 9 10 2 15 8 16 2 2 2 2 2 2 2 2 2 2 2 2 2 2 2 2 
2 2 2 2 2 9 5 5 5 5 5 5 5 10 2 2 2 2 2 2 2 2 2 2 2 3 2 2 18 17 2 2 2 2 2 2 2 15 8 8 16 2 2 2 2 2 2 2 2 9 10 2 2 2 2 2 2 2 2 2 2 2 2 2 2 2 2 2 2 5 2 2 2 2 2 2 2 2 2 2 2 2 2 2 2 2 2 2 2 2 2 2 9 3 0 0 0 3 5 10 2 2 2 9 3 10 2 2 2 9 3 0 0 0 3 14 17 9 3 10 2 2 9 3 10 2 2 2 2 2 2 3 2 2 2 2 2 2 2 2 2 2 2 2 3 2 2 2 2 2 2 2 2 2 2 2 2 2 2 2 2 2 2 2 2 2 2 2 2 2 2 5 2 2 2 2 2 2 2 2 2 2 2 2 18 7 7 17 2 2 2 2 2 2 2 2 2 2 2 2 2 2 2 2 2 2 2 2 9 11 8 12 5 10 2 2 2 2 2 2 2 2 2 2 2 2 2 2 2 2 
2 2 2 2 2 9 5 5 5 5 5 5 5 10 2 2 2 2 2 2 2 2 2 2 2 3 8 16 2 2 2 2 2 2 2 2 2 9 5 5 10 2 2 2 2 2 2 2 2 9 10 2 2 2 2 2 2 2 2 2 2 2 2 2 2 2 2 2 5 2 2 2 2 2 2 2 2 2 2 2 2 2 2 2 2 2 2 2 2 2 2 2 9 3 0 0 0 3 14 17 2 2 2 9 3 10 2 2 2 9 3 0 0 0 3 10 2 9 3 10 2 2 9 3 10 2 2 2 2 2 2 3 2 2 2 2 2 2 2 2 2 2 2 2 3 2 2 2 2 2 2 2 2 2 2 2 2 2 2 2 2 2 2 2 2 2 15 8 16 2 2 2 2 15 16 2 2 2 2 2 2 2 2 2 2 2 2 2 2 2 2 2 2 2 15 16 2 2 2 2 2 2 2 2 2 2 2 2 9 5 5 14 7 17 2 2 2 2 2 2 2 2 2 2 2 2 2 2 2 2 
2 2 2 2 2 18 7 7 7 7 7 7 7 17 2 2 2 15 8 8 8 8 16 3 3 3 3 3 3 3 3 3 3 3 3 3 3 3 3 5 10 2 2 2 2 2 2 2 2 18 17 2 2 2 2 2 2 2 2 2 2 2 2 2 2 2 2 5 2 2 2 2 2 2 2 2 2 2 2 2 2 2 2 2 2 2 2 2 2 2 2 2 9 3 0 0 3 5 10 2 2 2 2 9 3 10 2 2 2 9 3 0 0 3 14 17 2 9 3 10 2 2 9 3 10 2 2 2 2 2 2 3 2 2 2 2 2 2 2 2 2 2 2 2 3 2 2 2 2 2 2 2 2 2 2 2 2 2 15 8 16 15 8 16 2 2 18 7 17 2 2 15 8 12 11 8 8 8 8 8 8 8 8 8 8 8 8 8 8 8 16 2 15 8 12 11 8 8 8 8 8 8 8 16 15 8 8 8 12 3 3 11 8 8 8 8 8 8 8 8 8 8 8 8 8 8 8 8 8 8 
2 2 2 2 2 2 2 2 2 2 2 2 2 2 2 2 2 18 7 7 7 7 17 2 2 18 3 17 2 2 2 2 2 2 2 2 2 9 5 14 17 2 2 2 2 2 2 2 2 2 2 2 2 2 2 2 2 2 2 2 2 2 2 2 2 2 2 2 2 2 2 2 2 2 2 2 2 2 2 2 2 2 2 2 2 2 2 2 2 2 2 2 9 3 3 3 14 7 17 2 2 2 2 9 3 10 2 2 2 9 3 3 3 5 10 2 2 9 3 10 2 2 9 3 10 2 2 2 2 2 2 3 2 2 2 2 2 2 2 2 2 2 2 2 3 2 2 2 2 2 2 2 2 2 2 2 2 2 9 14 17 9 5 11 8 8 16 2 2 2 2 9 4 0 0 4 4 0 0 0 4 0 4 4 4 0 4 0 4 4 11 8 12 4 0 4 4 4 0 0 4 0 0 10 9 0 3 3 3 3 3 4 0 0 1 5 5 5 5 5 5 5 5 5 5 5 5 5 5 5 
2 2 2 2 2 2 2 2 2 2 2 2 2 2 2 2 2 2 2 2 2 2 2 2 2 2 3 2 2 2 2 2 2 2 2 2 2 9 5 10 2 2 2 2 2 2 2 2 2 2 2 2 2 2 2 2 2 2 2 2 2 2 2 2 2 2 2 2 2 2 2 2 2 2 2 2 2 2 2 2 2 2 2 2 2 2 2 2 2 2 2 2 18 7 7 7 17 2 2 2 2 2 2 9 5 11 8 8 8 12 5 14 7 7 17 2 2 18 7 17 2 2 18 7 17 2 2 2 2 2 2 3 2 15 16 2 2 2 2 2 2 2 2 2 3 2 2 2 2 2 2 2 2 2 2 2 2 2 9 10 2 18 7 13 5 5 10 2 2 2 15 12 4 0 4 4 0 4 4 4 4 4 0 4 4 0 0 4 4 0 4 4 4 0 4 4 0 0 4 4 0 4 3 3 3 3 3 4 4 4 4 4 0 0 1 4 4 4 4 4 4 4 4 4 4 4 4 4 4 4 
2 2 2 2 2 2 2 2 2 2 2 2 2 2 2 2 2 2 2 2 15 16 2 2 2 2 3 2 2 2 15 8 8 16 2 2 2 9 5 10 2 2 2 2 15 8 16 2 2 2 2 15 16 2 2 2 2 2 2 2 2 2 15 8 8 16 2 2 2 2 15 16 2 2 2 2 2 15 16 2 2 2 15 16 2 2 2 2 15 8 16 2 2 15 8 8 16 2 2 2 2 2 2 9 3 3 3 3 3 3 3 10 2 2 15 16 2 2 2 2 2 15 16 2 2 2 15 16 2 2 2 3 2 9 10 2 2 2 2 2 2 2 2 2 2 2 2 2 2 2 2 15 8 16 2 2 2 2 9 10 2 2 2 18 13 5 10 2 2 15 12 0 0 4 0 4 4 4 0 4 4 4 4 0 0 4 0 4 0 0 4 4 4 4 0 4 0 0 4 3 3 3 3 10 9 4 0 0 4 0 0 0 0 4 1 4 4 4 4 4 4 4 4 4 4 4 4 4 4 4 
2 2 2 2 2 2 2 2 2 2 2 2 2 2 2 2 2 2 15 8 12 10 2 2 2 2 3 2 2 2 9 5 14 17 2 2 15 12 5 11 16 2 15 8 12 5 10 2 2 15 8 12 10 2 2 15 8 8 16 2 2 2 9 5 5 10 2 2 15 8 12 10 2 2 15 8 8 12 10 2 15 8 12 11 16 2 15 8 12 5 10 2 2 9 5 5 10 2 2 15 8 8 8 1 1 1 1 1 1 3 1 1 16 2 9 10 2 2 15 8 8 12 10 2 15 8 12 11 16 2 15 3 8 12 11 8 16 2 2 2 2 2 2 2 15 16 2 15 8 8 8 12 14 17 2 15 16 2 9 10 2 2 15 8 12 14 17 2 15 12 4 4 4 0 0 4 0 4 4 4 4 0 4 0 0 0 4 4 0 4 4 4 4 0 0 4 0 3 3 3 4 4 4 10 9 4 0 4 4 4 4 0 4 4 1 4 4 4 4 4 4 4 4 4 4 4 4 4 4 4 
8 8 8 8 8 8 8 8 8 8 8 8 8 8 8 8 8 8 12 3 3 10 2 2 15 8 3 8 16 2 18 7 17 2 2 2 9 5 5 0 11 8 12 0 0 5 11 8 8 12 5 5 11 8 8 12 0 0 11 8 8 8 12 0 5 11 8 8 12 5 5 11 8 8 12 0 0 5 11 8 12 5 5 0 11 8 12 0 0 5 11 8 8 12 5 5 11 16 2 9 0 0 5 5 5 5 5 1 1 3 3 1 11 8 12 11 8 8 12 1 1 5 11 8 12 5 5 5 11 8 12 3 0 5 5 5 11 16 2 2 2 2 2 2 18 17 2 18 13 5 5 5 10 2 2 9 11 8 12 11 8 8 12 5 0 11 8 8 12 0 4 0 14 7 7 7 7 7 7 13 4 4 0 0 4 0 4 4 0 4 4 0 0 0 0 0 4 3 4 4 4 0 4 10 9 0 0 0 4 4 4 4 0 4 1 0 4 0 4 4 0 0 4 4 4 4 4 4 4 4 
4 4 4 4 4 4 4 4 4 4 4 4 4 4 4 1 3 3 3 3 3 10 2 2 9 5 3 5 10 2 2 2 2 2 15 8 12 0 0 0 0 5 5 0 0 0 0 0 0 0 0 4 0 0 0 0 0 0 0 0 5 5 0 0 0 0 0 0 0 0 0 0 0 0 0 0 0 0 5 5 5 0 0 0 0 5 5 0 0 0 0 0 0 0 0 0 0 10 2 9 0 0 0 5 5 5 1 1 3 1 3 1 1 1 1 1 1 1 1 1 1 1 5 5 5 1 1 1 1 5 5 3 0 0 14 7 13 10 2 15 16 2 2 2 2 2 2 2 18 7 7 13 11 8 16 18 7 13 0 0 0 0 5 5 4 4 4 4 0 0 0 4 10 2 2 2 2 2 2 9 0 0 4 0 4 4 4 0 0 4 4 0 0 4 4 0 3 3 0 4 4 4 4 10 9 0 4 0 0 4 4 0 4 0 1 0 4 4 4 4 4 4 4 4 4 4 4 4 0 4 
4 0 4 4 4 4 4 4 4 0 4 4 0 4 0 1 3 3 3 3 3 10 2 2 18 3 3 3 11 8 8 8 8 8 12 1 0 0 0 0 0 0 0 0 0 0 0 0 0 0 0 4 0 0 0 4 0 0 0 0 0 0 0 0 0 0 0 0 0 0 0 0 0 0 0 0 0 0 0 0 0 0 0 0 0 0 4 0 0 0 0 0 0 0 0 0 0 10 2 9 0 0 4 5 5 1 1 3 3 1 3 3 3 3 3 3 3 3 1 3 3 1 1 1 1 1 3 3 1 1 1 3 1 1 10 2 9 10 2 9 10 2 2 15 8 8 16 2 2 2 2 18 7 13 10 2 2 18 13 5 5 0 4 5 0 0 4 0 0 0 4 4 11 8 8 8 8 16 2 9 0 0 4 0 0 4 4 4 0 4 4 4 4 4 0 3 3 4 4 4 0 4 4 10 9 4 0 0 4 4 4 4 4 0 1 4 4 4 0 4 4 4 4 4 4 4 4 4 4 4 
4 4 4 4 4 4 4 4 4 0 4 4 4 4 4 14 7 7 13 3 3 3 3 3 3 3 3 3 3 3 3 3 3 3 3 1 0 0 0 0 0 0 0 0 0 4 0 0 0 0 0 0 4 0 0 0 0 0 0 0 0 0 0 0 0 0 0 0 0 0 0 0 4 0 0 0 4 0 0 0 0 0 0 0 0 0 0 0 0 0 5 14 7 7 7 7 7 17 2 18 13 0 0 5 0 1 3 1 3 3 1 1 1 1 1 1 1 3 3 3 1 1 3 3 3 1 3 3 3 3 3 3 3 1 11 8 12 11 8 12 10 2 2 9 14 7 17 2 2 15 16 2 2 9 10 2 2 2 9 0 0 0 0 4 0 4 0 0 0 4 0 0 4 0 0 4 4 10 2 9 0 4 4 0 4 4 4 0 0 0 4 4 0 0 3 3 4 0 4 4 0 0 0 10 9 0 4 0 4 4 4 0 4 0 1 4 4 4 4 4 4 4 4 4 0 4 0 4 4 4 
4 4 4 4 4 4 4 4 4 4 4 4 4 4 0 10 2 2 9 3 3 3 3 3 3 3 3 3 3 3 3 3 3 3 3 3 1 0 0 0 0 0 0 0 0 0 0 4 0 0 0 0 0 0 0 0 0 0 0 0 4 0 0 0 4 0 0 0 0 0 5 0 0 5 5 0 0 0 0 0 5 5 5 5 5 5 5 5 5 5 14 17 2 2 2 2 2 2 2 2 9 4 0 0 0 1 3 3 1 3 3 1 3 3 3 3 1 1 1 3 3 3 1 1 3 1 3 1 1 3 3 1 1 1 1 1 0 0 0 5 11 16 2 9 10 2 2 2 15 12 11 16 2 9 11 16 2 15 12 0 0 4 0 0 4 4 4 0 0 4 4 4 4 4 0 0 4 10 2 18 13 0 4 0 4 0 0 4 0 4 0 4 4 3 3 4 4 4 4 4 4 4 4 10 9 4 4 0 0 4 4 4 4 4 1 4 4 4 0 4 4 4 0 4 4 0 0 0 0 4 
4 4 4 4 0 4 4 4 4 4 4 4 4 4 4 10 2 2 18 13 5 10 2 2 2 3 3 3 9 3 10 2 2 2 3 3 3 1 0 0 5 5 0 0 0 0 0 0 0 0 0 0 0 4 0 0 0 0 0 0 0 4 0 0 0 0 0 0 0 0 5 0 0 0 0 4 0 0 0 0 0 0 0 4 0 0 0 0 0 4 10 2 2 2 2 2 2 2 2 2 9 0 0 0 0 1 3 1 1 3 3 3 3 1 1 3 3 3 1 3 1 3 3 1 3 1 3 1 3 3 1 1 3 3 3 1 4 0 0 0 5 10 2 9 11 16 2 15 12 0 0 10 2 9 14 17 2 9 4 4 4 0 4 0 4 0 0 4 4 0 0 4 0 4 0 4 4 10 2 2 18 7 7 7 13 4 4 4 4 0 4 4 3 3 0 0 0 4 4 0 0 0 4 10 9 4 0 4 4 4 4 0 4 0 1 4 4 4 4 4 4 4 4 4 4 4 0 4 4 4 
4 4 4 0 4 4 0 0 4 4 4 4 0 4 4 11 16 2 2 18 7 17 2 2 2 2 2 2 9 3 10 2 2 2 2 3 3 3 1 0 0 0 0 4 0 0 0 0 0 0 0 0 0 4 4 0 0 0 0 0 0 4 0 0 0 0 0 0 0 0 0 4 0 4 0 0 0 0 0 0 0 0 0 0 0 0 0 0 0 14 17 2 2 15 8 8 8 8 8 8 12 0 4 0 0 1 3 1 3 1 3 1 1 3 1 1 1 3 3 1 1 3 1 1 3 1 3 1 3 1 3 3 3 1 3 3 0 0 0 0 0 11 8 12 0 10 2 9 0 0 0 11 8 12 10 2 2 18 7 7 7 7 7 7 7 7 13 0 0 0 0 4 4 4 0 0 4 10 2 2 15 8 8 16 9 4 4 4 0 4 4 3 3 4 4 4 4 4 4 4 0 0 0 10 9 4 0 0 4 4 0 4 0 4 1 4 4 4 4 0 4 4 4 4 4 4 4 4 4 4 
4 4 4 4 4 4 4 4 4 4 4 4 4 4 4 1 10 2 2 2 2 2 15 8 16 2 2 2 9 3 10 2 2 2 15 1 1 3 3 1 0 0 0 0 0 0 0 0 0 0 0 0 0 0 0 0 0 4 0 0 0 0 0 0 0 0 4 0 0 0 0 0 0 0 0 0 0 0 0 4 0 0 0 0 0 0 0 0 14 17 2 2 2 9 0 0 0 0 0 0 0 4 0 0 0 1 3 3 3 3 1 3 1 3 1 3 1 1 3 3 3 3 3 3 3 1 3 1 3 3 1 3 1 1 3 1 14 7 7 13 0 0 0 0 0 10 2 9 0 0 0 0 0 0 10 2 2 2 2 2 2 2 2 2 2 2 18 7 7 7 7 7 13 0 4 4 0 11 8 8 12 4 4 10 18 13 4 4 0 4 4 3 4 0 4 0 4 4 0 4 4 0 0 10 9 4 0 0 4 4 0 4 0 4 1 4 4 4 4 0 4 0 4 0 4 4 0 4 0 4 
4 4 4 4 4 4 4 4 4 0 4 4 0 4 4 1 11 8 16 2 2 2 9 5 10 2 2 2 9 3 10 2 2 2 9 5 1 1 3 3 1 0 0 0 4 4 0 0 0 0 0 0 0 0 4 4 0 0 0 0 0 0 0 0 0 0 0 0 0 0 0 0 0 0 4 0 0 0 4 0 0 4 0 0 0 0 0 14 17 2 2 2 15 12 0 4 0 0 3 3 3 3 3 3 0 1 1 1 3 3 3 3 1 3 1 3 1 3 3 3 1 1 3 1 3 3 3 1 3 3 3 3 3 1 3 1 10 2 2 9 0 0 0 4 14 17 2 18 13 0 0 0 0 0 11 8 8 8 8 8 8 8 8 8 16 2 2 2 2 2 2 2 9 0 4 4 0 4 4 4 4 4 4 11 16 9 0 4 4 4 3 3 0 4 4 4 4 4 4 4 0 0 0 10 9 4 4 4 0 0 4 4 4 4 1 4 0 4 0 4 4 0 0 4 0 4 4 0 4 0 
4 4 4 0 4 4 4 4 4 4 4 4 4 4 4 1 5 5 11 16 2 2 9 5 11 16 2 2 9 3 10 2 2 2 9 5 4 0 1 3 3 1 0 0 0 0 0 0 0 0 0 0 0 0 0 0 0 0 0 0 0 0 0 0 0 0 0 0 0 0 0 0 0 0 0 0 0 0 0 4 5 5 5 3 3 5 14 17 2 2 2 15 12 0 0 0 0 0 3 0 0 0 0 3 0 1 3 3 3 1 1 3 1 3 3 3 1 3 1 1 3 1 1 3 3 3 1 3 1 3 1 3 3 1 3 1 1 1 2 18 13 14 7 7 17 2 2 2 9 0 0 0 0 0 0 4 0 0 0 0 0 4 4 4 10 2 15 8 8 8 8 8 12 0 0 0 0 0 4 0 0 0 4 4 10 9 4 4 4 4 3 4 0 4 4 4 4 0 4 0 4 0 14 17 9 4 0 4 4 0 4 4 0 0 1 4 4 4 4 4 4 0 4 4 4 4 0 4 4 4 
4 4 4 4 4 4 4 4 4 4 4 4 4 4 4 1 0 0 5 10 2 2 18 7 13 3 3 3 3 3 11 16 2 2 18 13 0 0 0 1 3 3 1 0 0 0 4 0 0 0 0 0 0 0 0 0 0 0 0 0 0 0 0 0 0 0 4 0 0 0 0 0 0 0 0 0 0 14 7 7 7 7 7 3 3 7 17 2 2 2 2 9 0 0 0 0 0 0 3 0 0 0 0 3 0 1 1 3 1 3 3 3 3 1 3 1 3 3 1 3 3 3 1 1 3 1 3 3 3 3 1 3 1 1 3 3 3 1 2 2 18 17 2 2 2 2 15 16 9 0 0 0 0 4 0 0 0 4 0 0 4 0 0 0 10 2 9 4 0 0 4 4 0 4 0 0 4 4 0 4 4 0 4 4 10 9 0 4 0 3 3 0 4 0 4 0 0 4 4 0 0 14 17 15 12 0 4 4 4 4 4 4 4 0 1 4 0 4 4 4 0 4 0 4 4 4 4 4 4 4 
4 0 4 4 0 4 4 4 4 4 4 4 0 4 4 1 0 0 5 10 2 2 2 2 18 3 2 2 2 18 7 17 2 2 2 9 0 0 0 0 1 3 3 1 0 0 0 0 0 0 0 0 0 4 0 0 0 0 4 0 0 0 0 0 4 0 0 4 0 0 0 0 0 4 0 14 7 17 2 2 2 2 2 3 3 2 2 2 2 2 15 12 0 0 0 0 0 0 3 3 3 3 3 3 0 1 3 3 1 3 1 1 3 1 3 1 3 3 3 1 3 3 3 1 1 3 3 1 1 3 1 3 3 1 1 1 3 1 2 2 2 2 2 2 15 8 12 10 18 13 0 0 14 7 13 0 0 0 4 0 0 0 0 0 10 2 9 0 4 4 4 4 4 0 0 0 0 4 0 0 0 0 0 4 10 9 0 4 3 3 4 4 4 4 4 0 0 0 4 4 14 17 15 12 4 0 4 4 4 4 0 0 0 4 1 4 4 4 4 4 4 4 4 4 4 4 4 4 4 0 
4 0 4 4 4 4 4 0 0 4 4 4 4 4 0 1 0 0 5 11 16 2 2 2 2 3 2 2 2 2 2 2 2 2 2 18 13 0 0 0 0 1 3 3 1 0 0 0 4 4 0 0 0 0 0 0 0 0 0 0 0 0 0 0 0 0 0 0 0 0 0 0 0 14 7 17 2 2 2 2 2 2 2 3 3 2 2 2 2 2 9 0 0 0 0 4 0 0 3 5 5 5 5 3 0 1 1 3 3 1 3 3 3 3 3 3 1 3 3 1 3 1 3 3 1 3 1 3 3 1 3 3 3 3 3 1 3 1 8 8 16 2 2 15 12 0 14 17 2 9 0 4 10 2 9 0 0 0 4 4 4 4 0 0 10 2 9 0 0 0 0 4 0 0 4 4 4 0 4 4 4 4 0 0 10 9 0 3 3 0 4 4 4 4 4 0 4 4 0 14 17 15 12 4 4 0 0 4 4 4 4 4 0 4 1 0 4 4 4 0 4 4 0 4 4 4 4 4 4 4 
4 4 4 4 4 4 4 4 4 4 4 4 4 0 0 1 5 0 5 5 11 8 16 2 2 3 2 2 2 15 8 8 16 2 2 2 9 4 0 0 0 0 1 3 3 1 0 0 0 1 1 1 1 0 0 0 0 0 1 1 1 1 0 0 0 0 0 0 0 0 0 0 14 17 2 2 2 2 2 2 2 2 2 3 3 2 2 2 2 15 12 0 0 0 0 0 0 0 3 5 5 5 5 3 0 1 1 3 1 1 3 3 1 1 1 3 3 1 1 1 3 3 1 3 3 3 3 1 3 1 1 1 1 1 3 1 3 1 0 0 10 2 2 9 0 0 11 8 8 12 0 0 11 8 12 0 0 0 0 4 4 0 0 4 10 2 18 7 13 0 0 4 0 0 0 0 0 0 0 4 0 0 0 0 10 18 7 3 7 7 7 7 7 7 7 7 7 7 7 17 15 12 0 0 0 0 4 0 0 4 0 0 0 0 1 4 4 4 0 4 0 4 4 4 4 4 4 4 4 4 
4 4 4 0 0 4 0 0 4 4 4 4 4 4 4 1 5 5 14 7 7 13 11 16 2 3 2 2 2 9 3 3 10 2 2 2 9 0 4 0 0 0 0 1 3 3 1 0 1 1 3 3 1 1 1 0 1 1 1 3 3 1 1 0 0 0 0 0 0 0 0 14 17 2 2 2 2 2 2 2 2 2 2 3 3 2 2 2 2 9 0 0 0 0 0 0 0 4 3 5 5 5 5 3 0 1 3 3 3 3 1 3 3 3 1 1 1 3 3 3 3 1 3 1 3 1 1 1 3 3 3 3 1 1 3 1 3 1 0 0 11 16 15 12 0 0 0 0 0 0 0 0 0 0 0 0 0 4 4 0 0 0 0 0 10 2 2 2 18 13 4 4 4 0 4 0 4 0 0 4 0 0 0 0 11 8 8 3 8 8 8 8 8 8 8 16 2 2 15 8 12 0 4 0 4 0 0 4 0 4 0 4 0 0 1 4 4 4 4 4 0 0 4 4 0 4 4 4 4 4 
4 0 0 4 4 0 4 4 4 4 0 4 0 4 4 1 5 5 10 2 2 9 3 3 3 3 3 3 3 3 3 3 10 2 15 8 12 0 0 0 0 0 0 0 1 3 3 1 1 3 3 3 3 3 1 1 1 3 3 3 3 3 1 1 0 0 0 0 0 0 14 17 2 2 2 2 2 2 2 2 2 2 2 3 3 2 2 2 15 12 0 0 0 0 0 0 0 0 3 3 3 3 3 3 0 1 3 1 1 1 1 1 3 3 3 3 1 1 1 1 1 1 3 1 3 3 3 3 3 1 1 3 3 3 3 1 3 1 0 0 0 10 9 4 4 0 0 0 0 4 0 0 0 0 0 0 0 4 0 0 0 0 0 0 11 8 8 16 2 18 13 4 0 4 0 4 4 0 4 0 0 0 0 0 0 4 3 3 4 0 4 0 0 4 0 11 16 2 9 5 5 4 4 0 4 4 4 4 4 4 4 0 4 0 1 4 4 4 4 4 4 4 4 4 4 4 4 4 4 0 
4 0 4 4 4 4 4 4 4 4 4 4 4 4 4 1 5 5 10 2 2 9 3 3 3 3 3 2 2 18 7 3 17 2 9 5 4 0 4 0 0 0 0 0 0 1 3 3 3 3 3 3 3 3 3 1 3 3 3 3 3 3 3 1 1 0 0 0 0 14 17 2 2 2 2 2 2 2 2 2 2 2 2 3 3 2 2 2 9 0 0 0 0 0 0 0 0 0 0 0 0 0 0 0 0 1 3 3 3 3 3 1 3 1 3 1 1 3 3 3 3 3 3 1 1 1 3 3 1 3 1 1 1 1 1 1 3 1 0 0 0 10 9 0 0 4 0 0 0 0 0 0 4 0 0 0 0 0 0 4 4 4 4 0 0 4 4 11 16 2 18 7 7 7 7 7 7 13 0 0 0 4 3 3 3 3 3 0 0 0 4 0 4 0 0 4 11 16 18 7 13 0 0 0 0 4 0 4 0 4 0 0 4 0 1 4 4 4 0 4 4 4 4 4 0 4 4 4 4 4 
4 4 4 4 4 4 4 4 4 0 0 4 4 4 4 1 0 0 10 2 2 18 17 2 2 2 2 2 2 2 2 3 2 2 18 13 0 0 0 0 4 0 0 0 0 0 1 3 3 1 3 3 1 3 3 1 3 3 1 3 3 1 3 3 1 0 0 0 14 17 2 2 2 2 2 2 2 15 8 8 8 8 8 3 3 8 8 8 12 0 0 0 0 0 0 0 0 0 0 0 0 0 0 4 0 1 3 1 1 3 1 3 3 1 1 3 1 3 1 1 3 1 1 1 1 3 1 3 3 3 1 3 3 3 1 3 3 1 0 4 0 10 18 7 7 13 0 0 0 4 0 0 0 0 0 4 0 4 0 0 4 0 0 0 0 0 0 4 11 16 2 2 2 2 2 2 2 18 7 7 13 4 3 0 0 0 0 0 0 0 0 0 0 0 0 4 0 11 8 16 18 7 7 13 0 4 0 0 4 0 4 0 4 0 1 4 0 4 4 4 4 0 4 4 4 4 4 4 0 4 
4 4 4 4 4 4 4 4 4 0 0 4 0 4 0 1 0 0 10 2 2 15 8 8 8 8 16 2 2 2 2 3 15 8 16 9 0 0 0 0 0 0 0 0 0 0 1 3 3 3 3 3 3 3 1 3 3 3 3 3 3 3 3 3 1 0 0 14 17 2 2 2 2 2 15 8 8 12 0 0 0 0 0 3 3 0 0 0 0 0 0 0 0 0 4 0 0 0 0 0 0 4 0 0 0 1 3 3 1 3 1 1 3 1 3 3 1 3 1 3 3 1 3 1 3 3 1 3 1 3 3 3 1 3 1 3 1 1 0 4 4 11 8 8 16 9 0 4 0 0 0 0 0 0 0 0 0 4 0 0 0 4 4 0 4 0 0 4 4 11 8 8 8 8 8 16 15 8 8 16 18 7 3 7 13 0 4 0 0 0 4 4 0 0 0 0 0 4 5 11 8 8 16 18 7 7 13 0 0 4 4 0 0 0 1 4 4 4 0 4 4 4 0 0 4 4 4 0 4 4 
4 4 4 0 4 4 4 4 4 4 4 4 4 4 4 1 0 5 10 2 2 9 5 5 5 5 10 2 2 15 8 3 12 5 10 9 0 0 0 0 0 0 0 0 0 0 1 3 3 3 3 3 3 3 3 1 3 1 3 3 1 3 3 3 1 0 0 10 2 2 2 2 2 15 12 0 4 0 0 0 0 0 0 0 0 0 0 0 0 0 0 0 0 0 0 0 0 0 0 0 0 0 0 4 0 1 3 1 1 3 1 3 3 1 3 1 3 3 1 3 3 3 3 1 3 1 1 3 1 3 1 1 1 3 1 3 1 0 0 0 0 0 4 0 11 12 0 0 4 0 0 0 0 0 0 0 0 4 0 4 0 0 0 0 0 4 0 4 4 0 0 0 0 4 0 10 9 0 0 11 8 8 3 16 18 7 7 13 0 0 0 4 4 0 0 0 0 0 5 5 5 5 11 8 8 16 9 0 4 0 4 4 4 0 1 4 4 0 4 4 4 4 4 4 4 4 4 4 4 4 
4 4 4 4 4 4 4 0 4 4 4 4 4 4 4 1 0 5 10 2 2 9 14 7 7 13 10 2 2 9 5 3 14 7 17 9 0 0 0 0 0 0 0 0 0 0 1 3 3 1 3 3 3 1 1 3 3 3 3 3 3 3 3 3 1 0 14 17 2 2 2 15 8 12 0 0 0 0 0 4 4 4 0 0 0 4 0 0 4 0 0 0 0 0 0 0 0 0 4 0 0 0 0 0 4 1 1 3 3 3 1 3 1 1 3 3 3 1 3 1 3 1 3 3 3 3 3 3 3 1 3 3 1 3 3 3 1 4 0 0 0 0 0 0 0 0 0 0 0 0 0 0 0 0 0 0 0 0 0 4 0 0 0 0 4 0 4 4 0 0 0 4 0 0 4 10 9 0 0 4 0 0 3 11 8 8 16 18 7 7 13 5 5 5 5 5 5 5 5 5 5 5 5 5 5 10 9 4 4 4 0 0 0 4 1 4 4 4 4 4 4 4 4 4 4 4 0 4 4 4 
4 4 4 4 4 4 4 4 4 0 0 0 4 4 4 1 0 5 11 8 8 12 11 16 2 18 17 2 15 12 0 0 10 2 2 9 0 0 0 0 0 4 0 0 0 4 1 3 3 3 3 1 3 3 1 3 3 3 1 3 1 3 1 3 1 0 10 2 2 2 2 9 0 0 0 0 0 0 0 0 0 0 0 0 0 0 0 0 4 0 0 4 0 0 4 0 0 0 0 4 0 0 0 0 0 1 1 3 1 1 1 3 3 3 3 1 3 3 3 3 1 3 3 1 3 1 1 1 3 1 3 1 1 1 1 1 1 0 0 0 0 0 0 0 0 0 0 1 1 1 1 1 0 0 0 0 0 0 0 0 0 4 0 0 0 3 3 3 3 0 0 0 0 0 0 10 9 0 4 0 0 3 3 0 0 4 11 8 8 16 18 7 7 7 7 7 7 13 5 5 5 5 5 5 5 10 9 0 0 4 0 0 0 4 1 4 0 4 4 0 0 4 4 4 0 4 4 4 4 4 
4 4 4 4 0 4 4 4 4 4 4 4 4 0 4 1 5 5 0 0 0 0 0 10 2 2 2 2 9 0 0 0 11 8 8 12 0 0 0 0 0 0 0 0 0 0 1 3 1 1 1 1 3 3 1 1 3 1 3 3 3 3 1 3 1 14 17 2 2 2 15 12 0 0 0 0 0 0 0 0 0 0 0 0 0 0 0 0 0 0 0 0 0 0 0 0 0 4 0 0 0 0 0 0 5 1 1 3 3 1 1 1 3 3 1 3 1 1 1 1 3 3 1 1 1 3 3 3 1 3 3 3 3 1 3 3 5 0 0 0 0 0 0 0 0 0 1 3 3 3 3 3 1 1 0 0 0 0 5 5 4 0 3 3 3 3 4 0 3 3 3 3 0 0 4 10 9 4 0 3 3 3 0 0 0 4 0 0 4 11 8 8 8 8 8 8 16 18 7 7 7 7 7 7 7 17 18 7 7 13 4 0 4 0 1 4 0 4 0 4 4 4 4 0 4 4 0 4 0 0 
4 4 4 0 4 4 0 4 4 0 4 4 4 4 4 1 0 0 0 0 0 0 0 11 8 16 2 2 9 0 0 0 0 0 0 0 0 0 4 0 0 0 0 0 0 0 0 1 3 3 3 3 3 1 3 3 3 1 3 3 1 3 3 1 0 10 2 2 2 15 12 0 0 0 0 0 0 0 4 0 0 0 0 0 0 0 0 0 0 0 0 0 4 0 0 0 0 0 4 0 0 0 0 0 5 3 3 1 3 1 3 3 3 1 1 3 3 3 1 3 1 3 3 1 3 3 1 3 1 3 1 1 3 3 3 3 5 0 0 0 0 0 0 0 0 1 3 3 0 0 0 3 3 3 1 0 0 4 4 4 3 3 3 0 0 0 4 0 0 4 0 3 3 3 3 10 9 3 3 3 4 0 4 4 4 4 4 0 0 0 0 4 0 4 0 0 11 8 8 8 8 8 8 8 8 8 8 8 16 18 7 7 7 7 7 7 7 7 7 7 7 7 7 7 7 7 7 7 7 7 
4 4 4 0 4 4 4 4 0 4 0 4 4 4 4 1 0 0 0 0 0 0 0 0 0 3 3 3 3 0 0 0 0 0 0 0 0 0 0 0 4 0 0 0 0 0 0 1 3 3 3 1 1 1 3 1 1 3 3 3 3 1 3 1 0 10 2 2 15 12 0 0 0 0 0 0 0 0 0 0 0 0 0 5 0 0 0 0 0 0 0 0 0 0 0 0 0 0 0 0 0 0 0 0 5 1 3 3 3 3 3 1 3 3 1 3 1 3 3 3 3 3 1 3 3 1 3 3 3 3 3 3 1 1 1 1 1 0 0 0 4 0 0 1 1 3 3 0 0 0 0 0 3 3 3 1 0 0 0 3 3 0 4 0 0 4 0 4 4 4 4 0 0 4 3 3 3 3 0 4 0 4 4 0 0 0 0 0 0 0 0 0 4 0 0 0 0 4 0 0 0 4 0 0 0 0 0 0 11 8 8 8 8 8 8 8 8 8 8 8 8 8 8 8 8 8 8 8 8 8 
4 4 4 4 4 4 4 4 4 4 4 4 4 4 4 1 0 0 0 0 0 0 0 0 0 3 3 3 3 0 4 0 4 0 0 0 0 0 0 0 0 0 0 0 0 0 0 1 1 3 3 3 3 3 3 1 3 1 3 3 3 3 1 1 14 17 2 2 9 0 0 4 0 0 0 0 0 0 0 0 0 0 0 5 0 0 0 0 0 0 0 4 0 0 0 0 4 0 0 0 0 0 0 0 0 1 3 1 3 1 1 3 3 1 3 1 3 3 1 1 1 3 1 3 1 3 1 1 3 3 1 1 3 3 3 3 1 1 1 4 0 0 1 3 3 3 0 0 0 0 0 0 0 3 3 1 1 0 3 3 0 0 0 0 0 0 0 0 4 0 0 0 0 0 4 10 9 0 4 0 4 0 0 0 4 4 0 4 0 0 0 0 4 0 4 0 0 4 4 4 4 0 4 4 0 0 0 4 4 0 4 4 0 4 1 4 4 4 4 4 4 0 0 4 4 4 4 4 4 4 
4 4 0 0 4 4 4 4 0 4 4 4 4 4 4 1 0 0 0 0 0 0 0 14 7 17 2 2 9 0 0 0 0 0 0 0 0 0 4 0 0 0 0 4 0 4 0 0 1 1 3 3 3 1 3 1 3 3 3 1 3 1 1 0 10 2 2 2 9 0 0 0 0 0 0 0 0 0 0 0 0 0 0 0 0 0 0 0 0 0 0 0 0 0 4 0 0 4 0 0 0 4 0 0 0 1 3 1 1 3 3 3 3 3 3 1 3 1 3 1 3 3 1 3 3 3 1 3 3 1 3 3 3 0 0 3 3 3 3 1 1 1 3 3 0 0 0 0 0 0 0 0 0 0 3 3 3 3 3 4 4 4 0 0 0 0 0 0 0 4 4 4 0 4 4 10 9 4 4 0 0 0 0 4 0 0 0 0 4 0 0 4 0 0 4 0 0 0 0 0 4 4 0 4 4 0 0 4 0 0 0 0 0 0 1 4 4 4 4 4 4 4 4 4 4 0 4 4 4 4 
4 4 0 4 4 4 4 4 4 4 4 4 4 4 4 1 4 0 0 0 0 0 14 17 2 2 2 2 18 7 7 13 0 0 0 0 0 0 0 0 0 4 0 0 4 0 0 0 5 1 3 3 3 3 3 1 3 1 3 3 3 3 0 0 10 2 2 15 12 0 0 0 5 0 4 0 0 0 0 0 0 5 0 0 0 0 0 0 0 0 0 0 0 0 0 0 0 0 0 0 0 0 0 0 0 1 3 3 3 3 1 1 3 1 3 1 3 3 3 1 1 1 3 1 3 1 3 3 1 3 3 0 0 4 0 0 0 1 3 3 3 3 3 3 3 3 1 0 0 0 0 0 0 0 3 3 1 0 0 0 0 4 4 0 0 0 4 0 4 4 4 0 0 0 0 10 9 0 0 0 0 4 0 0 0 0 4 0 0 0 0 0 4 4 0 0 0 0 4 0 0 0 4 0 0 0 4 4 0 5 0 0 0 0 1 0 4 4 0 4 4 4 0 4 4 4 4 4 4 4 
4 4 4 4 4 4 0 4 4 4 4 4 4 4 0 1 0 0 4 0 0 0 10 2 2 2 2 2 2 2 2 9 0 0 0 0 0 0 0 0 0 0 0 0 0 0 0 0 5 1 1 3 3 3 3 1 3 3 3 3 1 3 3 14 17 2 2 9 0 0 0 0 5 0 0 0 0 0 0 4 0 5 0 0 0 0 0 0 0 0 0 0 4 0 0 0 0 4 0 0 4 0 0 0 0 1 1 3 1 3 3 1 3 3 1 1 1 1 3 1 3 3 3 3 3 1 3 1 3 3 0 0 4 0 0 1 1 3 3 3 3 3 0 0 1 3 3 1 0 0 0 0 0 0 1 3 1 4 0 0 0 0 0 0 0 0 0 4 0 0 0 0 4 0 0 10 9 0 0 0 0 0 0 4 0 0 0 0 0 4 0 0 0 4 4 4 0 0 0 0 0 0 0 0 4 0 0 0 0 5 4 0 0 4 1 4 4 4 0 4 4 4 4 4 4 4 4 4 4 0 
4 4 0 4 0 4 0 0 4 4 4 0 4 4 4 1 0 0 0 0 0 0 10 2 2 2 2 2 2 2 2 9 0 0 0 4 0 0 0 0 0 0 0 0 0 0 0 0 0 0 1 1 3 3 1 3 3 3 3 1 1 3 3 10 2 2 2 9 0 0 0 0 0 0 0 0 0 0 0 0 0 5 0 0 0 0 0 0 4 0 0 0 0 0 0 0 0 0 0 0 0 0 0 0 0 1 3 1 3 3 1 3 1 3 3 3 3 1 3 1 3 1 1 3 1 1 1 3 3 0 0 0 0 0 1 3 3 3 0 0 1 3 1 0 0 1 3 3 1 0 0 0 0 0 1 3 1 0 0 4 0 0 0 0 0 0 0 0 0 4 0 0 0 0 4 10 9 4 4 4 4 4 0 0 0 4 0 0 4 0 0 4 0 0 0 0 4 4 0 0 0 4 0 4 0 4 0 0 4 0 0 0 0 4 1 4 4 4 4 0 4 4 4 0 4 4 0 4 4 0 
4 4 4 4 4 4 4 4 4 4 4 4 0 4 4 1 0 0 0 0 0 0 11 8 8 8 16 2 2 15 8 12 4 4 0 0 0 0 0 0 0 0 0 0 0 0 0 0 0 5 5 1 1 3 3 1 3 3 1 1 0 3 14 17 2 2 15 12 0 0 0 0 0 0 0 0 0 0 0 0 0 5 5 0 0 0 4 0 0 0 0 0 0 0 0 0 4 4 0 0 0 4 0 4 0 1 3 3 3 1 3 3 3 1 3 1 3 1 3 3 3 3 1 3 3 1 3 3 0 0 0 0 0 1 3 3 1 0 0 0 1 3 1 0 0 0 1 3 1 0 0 0 0 0 1 3 1 4 4 0 4 0 0 0 4 0 0 0 4 0 4 4 4 4 4 10 9 0 0 4 4 0 0 4 0 4 0 0 0 4 0 0 0 4 0 4 4 0 4 0 0 4 0 0 0 0 0 4 0 0 4 0 4 0 1 4 0 4 4 4 4 4 4 4 4 4 4 4 0 4 
4 4 4 4 4 4 4 4 0 4 4 4 4 0 0 1 0 4 0 0 0 4 0 5 5 14 17 2 2 9 0 0 0 0 0 4 0 0 0 0 0 0 0 4 4 0 0 0 0 0 5 0 1 1 1 3 1 1 1 0 0 3 10 2 2 15 12 0 0 0 5 5 0 0 0 0 0 0 0 0 0 0 5 0 0 4 0 0 0 0 0 0 0 0 0 0 0 0 0 0 4 0 4 0 0 1 3 1 1 3 3 1 1 1 3 1 3 3 1 3 3 1 3 3 1 3 3 0 0 0 0 0 1 3 3 1 0 0 0 0 1 3 1 0 0 0 1 3 3 1 0 0 0 0 1 3 1 0 4 0 4 0 0 0 0 0 0 0 0 4 0 4 4 0 0 10 18 13 0 0 4 0 0 0 4 4 0 0 4 0 4 0 0 0 0 0 4 0 0 0 4 0 0 4 0 0 0 0 0 0 0 0 4 4 1 4 4 4 4 0 4 4 4 4 4 0 4 4 4 4 
4 4 0 4 4 0 4 4 4 4 4 4 4 4 4 1 0 0 4 0 0 0 0 0 14 17 2 2 15 12 0 0 0 0 0 0 0 4 0 0 0 4 0 0 0 0 0 0 0 0 0 4 0 0 1 1 1 0 0 0 0 3 10 2 2 9 5 0 0 0 0 0 0 0 0 0 0 0 0 0 0 0 5 0 0 0 0 0 0 4 0 0 0 0 0 0 0 4 0 0 0 0 0 0 0 1 3 1 3 3 1 3 3 3 3 1 3 1 3 3 1 3 3 1 3 3 0 0 0 4 0 1 3 3 1 0 0 0 0 0 1 3 1 0 0 0 0 1 3 3 1 0 0 0 1 3 3 1 0 0 0 0 0 4 0 0 4 0 0 0 4 4 0 0 0 11 16 18 13 4 4 4 0 0 4 4 0 0 0 4 0 0 0 0 0 0 4 0 0 0 4 0 4 0 4 4 0 4 0 0 4 0 0 0 1 4 4 4 0 4 4 4 4 4 4 4 4 4 4 4 
4 4 4 4 4 4 4 4 4 4 4 4 4 4 4 1 4 0 0 0 0 0 0 0 10 2 2 2 9 5 0 0 0 0 0 0 0 0 0 0 0 0 0 0 0 0 0 0 0 4 0 0 0 0 0 1 0 0 0 0 0 3 10 2 2 9 0 0 0 0 0 0 0 0 4 0 0 0 0 0 0 0 0 0 0 0 0 0 0 0 0 0 0 0 4 0 0 0 0 0 0 0 0 0 0 1 3 1 3 1 3 3 1 1 1 3 3 3 3 1 3 3 1 3 3 0 0 0 0 4 0 1 3 3 1 0 0 0 0 0 1 3 3 1 0 0 0 0 1 3 3 1 0 0 1 3 3 1 0 0 4 0 0 0 4 0 0 4 0 0 4 0 0 0 0 0 11 16 18 13 0 0 4 0 0 4 0 0 4 4 4 4 0 0 0 0 4 0 0 0 0 4 0 4 4 0 0 4 0 0 4 0 0 0 1 0 0 4 4 4 4 4 4 4 4 4 0 4 0 4 
4 4 4 4 4 4 4 4 4 4 4 4 0 4 4 1 0 0 0 0 0 0 0 0 11 16 2 2 18 7 7 7 7 7 7 7 7 7 7 7 7 7 7 7 7 7 7 7 7 7 7 7 7 7 7 7 7 7 7 7 13 3 10 2 2 9 0 0 0 0 0 0 5 0 0 0 0 0 0 5 0 0 0 0 0 0 0 0 0 0 0 0 0 0 0 0 0 0 0 0 0 0 0 4 0 1 3 3 3 1 1 3 3 3 1 3 3 1 1 3 3 1 3 3 0 0 0 0 0 0 4 1 3 3 1 0 0 0 0 0 0 1 3 1 0 0 0 0 1 3 3 1 0 0 1 1 3 1 4 4 0 4 0 0 0 0 4 0 4 4 0 0 4 4 4 0 0 11 16 18 13 0 0 4 0 0 0 4 4 4 4 4 0 4 0 4 0 4 0 0 0 0 4 0 4 4 0 0 4 0 0 0 4 4 1 4 4 0 4 4 4 4 4 4 4 4 4 4 4 4 
4 0 4 4 4 0 4 0 4 4 4 4 4 4 4 1 5 5 5 5 5 5 5 5 5 10 2 2 2 2 2 2 2 2 2 2 2 2 2 2 2 2 2 2 2 2 2 2 2 2 2 2 2 2 2 2 2 2 2 2 9 3 3 3 3 3 3 3 3 3 3 3 5 0 0 0 0 0 0 5 5 5 0 0 0 0 0 0 0 0 0 0 0 0 0 0 0 4 0 4 0 0 0 0 0 1 1 1 3 3 3 1 1 3 1 1 1 3 3 3 1 3 3 0 0 4 0 0 0 0 4 0 1 3 1 0 0 0 0 0 0 1 3 3 1 0 0 0 0 1 3 3 1 0 0 1 3 1 0 0 0 0 0 0 0 4 0 0 0 0 0 0 0 0 4 0 0 0 11 16 18 13 0 0 0 0 0 0 0 0 0 0 0 0 0 0 0 0 0 0 0 0 0 0 0 0 0 0 0 0 0 0 0 0 1 4 4 0 4 4 0 4 4 0 4 4 4 4 4 4 
4 4 4 4 4 4 4 4 4 0 4 4 4 4 4 1 0 0 4 0 0 0 0 0 4 10 2 2 2 2 2 2 2 2 2 2 2 2 2 2 2 2 2 2 2 2 2 2 2 2 2 2 2 2 2 2 2 2 2 2 18 3 17 2 2 9 1 0 0 0 4 3 3 3 0 0 0 0 5 0 0 5 5 0 0 4 4 0 0 0 0 0 0 0 0 0 0 5 0 0 3 3 3 3 3 3 3 3 1 1 3 3 3 3 1 3 3 3 1 1 3 3 0 0 0 0 0 0 0 0 0 0 1 3 1 0 0 0 0 0 0 1 3 3 1 0 0 0 0 1 3 3 1 0 0 1 3 1 0 0 0 0 0 0 0 0 0 0 0 0 0 0 4 4 0 4 0 0 0 11 16 18 13 0 0 0 0 0 0 0 0 0 4 0 0 0 0 0 0 0 0 0 4 0 0 0 0 0 0 0 0 0 0 0 1 0 4 0 4 4 4 4 4 4 4 0 4 4 4 4 
4 4 4 4 4 4 0 4 4 4 4 4 4 4 4 1 0 0 0 0 0 0 0 0 14 17 2 2 15 8 8 8 8 8 8 8 8 8 8 8 8 8 8 8 8 8 8 8 8 16 2 2 2 2 2 2 2 2 2 2 2 3 2 2 2 9 1 5 5 0 0 0 0 3 3 5 5 0 5 0 0 4 0 0 0 4 0 0 0 0 0 0 0 0 0 0 0 5 3 3 3 0 0 0 0 0 0 3 3 3 1 1 1 3 3 3 1 1 3 3 3 0 0 0 0 0 4 0 0 0 0 0 1 3 3 1 0 0 0 0 0 0 1 3 1 0 0 0 0 0 1 3 1 0 0 1 3 1 0 0 0 0 0 0 0 0 0 0 0 0 0 4 0 0 0 0 0 4 0 4 11 16 18 13 0 0 0 0 4 0 0 0 0 0 0 0 0 0 0 0 0 0 4 0 0 0 0 0 0 0 0 0 4 0 1 4 4 4 4 4 4 4 4 4 0 4 0 4 4 4 
4 4 4 4 4 4 4 4 4 4 4 4 0 4 4 1 0 0 0 0 0 0 0 14 17 2 2 2 9 0 0 0 0 0 0 0 0 0 0 0 0 0 0 0 0 0 0 0 0 11 8 16 2 2 2 2 2 2 2 2 2 3 2 2 2 9 1 5 5 0 0 4 5 0 3 3 0 0 0 5 0 0 0 0 0 0 0 0 0 0 0 0 0 0 0 0 0 3 3 0 0 0 0 0 0 0 0 0 0 3 3 3 3 1 3 1 3 3 3 0 0 0 0 0 0 0 0 0 0 0 0 0 0 1 3 3 1 0 0 0 0 0 1 3 3 1 0 0 0 0 1 3 3 1 0 1 3 1 0 0 0 0 0 0 0 0 4 0 0 0 0 0 0 0 0 0 0 0 0 0 0 11 16 18 13 0 4 0 0 0 0 0 0 0 0 0 0 4 0 0 0 0 0 0 4 0 0 0 0 0 0 0 0 0 1 4 4 0 4 4 4 4 0 4 4 4 4 4 0 0 
4 4 4 4 4 4 4 0 4 4 0 0 0 4 4 1 4 0 0 0 0 0 14 17 2 2 2 15 12 0 4 0 0 1 1 1 1 1 1 1 1 1 0 0 0 0 0 0 0 0 0 11 8 16 2 2 2 2 2 2 2 3 2 2 2 9 1 5 5 0 0 5 5 5 5 3 3 0 5 5 0 0 0 0 0 4 0 0 4 0 0 4 0 4 0 0 3 3 0 0 0 0 0 0 0 0 0 0 0 0 0 0 3 3 3 3 3 0 0 4 0 0 0 0 4 0 0 0 4 0 0 0 0 0 1 3 3 1 0 0 0 0 0 1 3 1 0 0 0 0 0 1 3 1 0 1 3 1 0 0 0 4 0 0 0 0 4 0 0 0 0 0 0 0 0 0 0 0 0 0 4 0 11 16 18 7 7 7 7 7 7 7 7 7 7 7 7 7 7 7 7 7 7 7 7 7 7 7 7 7 7 7 7 7 7 7 7 7 7 7 7 7 7 7 7 7 7 7 7 7 
4 0 4 4 4 4 4 4 4 4 4 4 4 4 4 1 5 5 3 3 5 14 17 2 2 2 15 12 0 0 0 0 0 1 5 5 5 1 5 5 5 1 0 0 0 0 0 0 0 4 0 0 0 11 8 16 2 2 2 2 2 3 2 2 2 9 1 5 5 5 5 5 5 5 5 5 3 3 0 0 5 5 0 0 0 0 0 0 0 0 0 0 0 0 3 3 3 0 0 4 0 0 0 0 0 0 0 0 0 0 0 0 0 0 0 0 0 0 0 0 4 0 0 0 0 0 0 0 0 0 0 0 0 0 1 3 3 1 0 0 0 0 0 1 3 3 1 0 0 0 0 1 3 3 1 1 3 1 0 0 0 0 0 0 0 0 0 0 0 0 0 0 0 4 0 0 0 4 0 0 0 0 0 11 8 8 8 8 8 8 8 8 8 8 8 8 8 8 8 8 8 8 8 8 8 8 8 8 8 8 8 8 8 8 8 8 8 8 8 8 8 8 8 8 8 8 8 8 8 8 
7 7 7 7 7 7 7 7 7 7 7 7 7 7 7 7 7 7 3 3 7 17 2 2 2 2 9 0 0 0 0 0 0 1 5 5 5 1 5 5 5 1 0 0 0 0 0 0 0 0 0 0 0 0 0 11 8 16 2 2 2 3 2 2 2 9 1 5 4 4 4 5 0 5 5 0 0 3 3 3 0 0 0 0 4 0 0 0 0 4 4 0 4 3 3 0 0 0 0 0 0 0 4 0 0 0 0 0 0 0 0 0 0 4 0 0 0 0 0 0 0 0 0 0 0 0 4 0 0 0 0 0 0 0 0 1 3 3 1 0 0 0 0 0 1 3 3 1 0 0 0 0 1 3 1 1 3 1 0 0 0 0 0 4 0 0 0 4 0 0 0 0 0 0 1 1 1 1 1 1 1 1 1 1 1 1 1 1 1 1 1 1 1 1 1 1 1 1 1 1 1 1 1 1 1 1 1 1 1 1 1 1 1 1 1 0 4 4 4 4 4 0 0 4 4 4 4 4 4 4 
2 2 2 2 2 2 2 2 2 2 2 2 2 2 2 2 2 2 3 3 2 2 2 2 2 15 12 0 0 0 0 0 0 1 1 5 1 1 1 5 1 1 0 0 0 0 0 0 0 0 0 0 0 0 0 0 0 11 16 2 2 3 2 2 2 9 1 5 0 0 4 4 0 5 5 4 0 0 0 3 3 3 4 0 0 5 0 0 0 0 0 3 3 3 0 0 0 0 0 0 0 0 0 0 0 0 0 0 4 0 0 0 0 0 0 0 4 0 4 0 0 0 0 0 0 4 0 0 0 0 0 0 0 0 0 0 1 3 3 1 0 0 0 0 0 1 3 3 1 0 0 0 1 3 1 1 3 1 0 0 0 0 0 0 4 4 0 0 0 0 0 1 1 1 3 3 3 3 3 3 3 3 3 3 3 1 5 0 0 0 0 5 5 5 5 5 5 5 5 5 5 5 0 0 0 5 0 5 5 5 5 0 5 5 1 4 0 4 4 4 4 4 4 4 4 4 4 4 4 4 
2 2 2 2 2 2 2 2 2 2 2 2 2 2 2 2 2 2 3 3 2 2 2 2 2 9 0 0 0 0 4 0 0 1 5 5 5 5 5 5 5 1 0 0 0 0 0 0 4 0 0 0 0 0 0 0 0 0 10 2 15 3 16 2 15 12 1 0 0 0 5 0 0 5 5 5 0 0 0 0 4 3 3 3 0 5 0 0 0 3 3 3 0 0 0 0 0 0 0 0 0 0 0 0 0 0 0 0 0 0 0 0 0 0 0 0 0 0 0 0 0 0 0 0 0 0 0 0 0 0 0 0 0 0 0 0 0 1 3 3 1 0 0 0 0 0 1 3 3 1 0 0 1 3 3 1 3 1 0 0 0 0 0 0 0 0 4 0 0 1 1 3 3 3 3 3 1 1 1 1 1 1 1 3 3 3 1 0 5 0 5 5 0 0 0 5 5 5 5 0 0 0 5 4 5 5 5 5 0 0 5 5 5 5 1 4 4 4 4 4 4 4 4 4 4 0 4 4 4 4 
2 2 2 2 2 2 2 2 2 2 2 2 2 2 2 2 2 2 3 3 2 2 2 2 15 12 0 0 0 0 0 0 0 1 5 5 5 5 5 5 5 1 0 4 0 0 0 0 0 0 0 0 0 0 0 0 0 0 3 3 3 3 3 3 3 5 1 0 0 0 5 5 5 0 0 5 0 0 0 0 0 0 0 3 3 3 3 3 3 3 0 0 0 0 0 4 0 0 0 0 5 0 0 0 0 0 0 5 5 0 0 0 5 0 0 0 0 0 5 0 5 5 5 5 5 0 0 0 0 0 4 4 0 4 0 0 0 4 1 3 3 1 1 0 0 0 0 1 3 1 0 0 0 1 3 1 3 1 0 0 0 0 4 0 4 4 0 1 1 3 3 3 3 1 0 1 0 0 0 0 0 0 0 1 1 3 3 1 5 0 5 5 5 5 5 5 6 5 6 5 5 5 5 5 5 6 5 5 5 5 6 5 6 5 1 4 4 4 4 4 4 4 4 4 4 4 4 4 4 4 
2 2 2 2 2 2 2 2 2 2 2 2 2 2 2 2 2 2 3 3 2 2 2 2 9 0 0 0 0 0 0 0 4 1 5 5 5 5 5 5 5 1 0 0 0 0 0 0 0 0 0 0 0 0 0 0 0 0 10 2 18 7 17 2 18 13 1 4 5 5 5 5 0 0 0 5 0 0 0 0 0 5 5 4 0 5 4 0 0 0 0 0 0 0 0 0 4 0 0 0 5 0 0 0 0 0 5 0 0 5 0 0 5 0 0 0 0 0 5 0 5 0 0 0 0 0 0 0 0 0 0 0 0 0 0 0 0 0 0 1 3 3 3 1 0 0 0 1 3 3 1 0 0 1 3 1 3 1 0 0 0 4 0 0 0 1 1 3 3 3 1 1 1 0 0 0 0 0 0 0 0 0 0 0 0 1 3 1 5 0 5 5 5 5 6 6 5 5 5 5 5 5 5 5 5 5 5 5 5 5 5 5 5 5 1 4 4 4 4 4 4 4 4 4 4 4 4 0 4 4 
2 2 2 2 2 2 2 2 2 2 2 2 2 2 2 2 2 2 3 3 2 2 2 15 12 0 0 0 0 0 0 0 0 1 1 1 1 5 1 1 1 1 0 0 0 0 0 0 0 0 0 0 4 0 0 0 0 14 17 2 2 2 2 2 2 9 1 5 5 5 5 5 5 4 5 5 0 0 5 0 0 0 0 0 0 5 0 0 0 0 0 4 0 0 4 0 0 0 0 0 5 0 0 0 0 5 0 0 0 0 5 0 5 0 0 0 0 0 5 0 5 0 0 0 0 0 0 0 0 0 0 0 0 0 0 0 0 0 0 0 1 1 3 3 1 0 0 0 1 3 3 1 0 1 3 3 3 1 0 0 0 0 0 1 1 3 3 3 1 1 0 0 0 0 0 0 0 0 0 0 0 0 0 0 0 1 3 1 5 5 5 5 5 5 5 5 5 5 5 5 5 5 5 5 5 5 6 5 5 5 5 5 5 5 1 0 0 4 4 0 4 4 4 4 4 4 4 4 4 4 
2 2 2 2 2 2 2 2 2 2 2 2 2 2 2 2 2 2 3 3 2 2 2 9 0 0 0 0 0 0 0 0 0 0 0 0 0 5 0 0 0 0 0 0 0 0 0 0 0 0 0 0 0 0 0 14 7 17 2 2 2 2 2 2 2 9 1 5 5 5 5 5 5 0 5 5 0 0 5 0 0 0 0 0 0 5 0 0 0 4 0 0 0 0 0 0 4 0 0 0 5 0 0 0 0 5 0 0 0 0 5 0 0 5 0 0 0 5 0 0 5 0 0 0 0 0 0 0 0 0 0 0 0 0 0 0 0 0 0 0 0 0 1 3 3 1 1 0 0 1 3 3 1 1 1 3 3 1 0 0 0 1 1 3 3 3 1 1 0 0 0 0 0 0 0 0 0 0 0 0 0 0 0 0 0 1 3 1 0 5 5 5 5 5 5 5 5 5 5 5 5 5 5 5 5 6 5 5 5 5 5 5 5 5 1 4 4 4 4 0 4 4 4 4 4 0 4 4 4 4 
8 8 8 8 8 8 8 8 8 8 8 8 8 8 8 8 8 8 3 3 8 8 8 12 0 0 0 0 0 0 0 0 0 0 0 0 5 5 0 0 0 0 0 0 0 0 0 0 0 0 0 0 0 14 7 17 2 2 2 2 2 2 2 2 2 9 1 0 5 5 5 0 0 4 0 5 0 0 0 0 0 0 0 0 0 0 0 5 0 0 0 0 0 0 0 0 0 0 0 0 5 0 0 0 0 5 0 0 0 0 5 0 0 5 0 0 0 5 0 0 5 5 5 5 5 0 0 0 0 4 0 0 0 0 0 0 0 0 0 0 0 0 0 1 3 3 3 1 1 1 1 3 3 1 1 3 3 1 0 1 1 3 3 3 0 0 0 0 0 0 0 0 0 0 0 0 0 0 0 0 0 0 0 0 0 1 3 1 5 5 5 5 5 5 5 5 5 5 5 5 5 5 5 5 5 5 5 5 5 5 5 5 5 5 1 4 0 4 4 0 4 4 4 4 0 4 4 4 4 0 
4 4 4 4 4 4 4 4 4 4 4 4 4 4 4 1 0 0 3 3 0 0 0 0 0 0 0 0 0 4 0 0 0 0 0 5 5 0 0 0 0 0 0 0 0 0 4 0 0 0 0 0 0 10 2 2 2 2 2 2 2 2 2 2 2 9 1 4 5 0 0 0 0 0 0 0 0 0 0 0 0 0 0 0 0 5 5 5 4 0 4 0 0 4 0 0 0 0 0 0 5 0 0 0 0 5 0 0 0 0 5 0 0 5 0 0 0 5 0 0 5 0 0 0 0 0 0 0 0 0 0 0 4 0 4 0 0 0 0 0 0 0 0 0 1 1 3 3 3 1 1 1 3 3 1 3 3 1 1 3 3 3 1 1 1 1 1 1 1 1 1 1 1 1 1 1 1 1 1 1 1 0 0 0 0 1 3 1 0 5 5 5 6 5 6 5 5 5 5 5 5 5 5 5 5 5 5 5 5 5 5 5 5 5 1 4 4 4 0 4 0 4 4 0 4 0 4 4 4 4 
4 4 4 4 4 4 4 4 4 4 4 4 4 4 4 1 0 0 5 5 0 0 0 0 0 0 0 0 0 0 0 0 0 0 5 5 0 0 0 0 0 0 0 0 0 0 0 0 0 0 0 0 0 10 2 2 2 2 2 2 2 2 2 2 2 9 1 0 4 0 5 5 5 5 5 5 0 0 0 5 5 0 0 0 0 0 0 0 0 4 0 0 0 0 0 0 0 0 0 0 5 0 0 0 0 5 0 0 0 0 5 0 0 0 5 0 5 0 0 0 5 0 0 0 0 0 0 0 0 0 0 0 0 0 0 0 0 0 0 0 0 4 0 0 0 0 1 1 3 3 3 1 1 3 1 3 3 1 3 3 1 1 1 1 1 3 3 3 3 3 3 3 3 3 3 3 3 3 3 3 3 1 1 1 0 3 3 1 5 5 5 5 5 5 5 5 5 5 5 5 5 5 5 5 5 5 5 5 5 5 5 5 5 5 1 4 4 0 0 0 4 4 0 4 4 4 4 4 0 4 
4 4 4 4 0 4 4 4 4 4 4 4 4 4 4 1 0 0 0 5 5 0 0 0 0 0 0 0 0 0 0 0 0 0 5 5 0 0 4 0 0 0 0 0 0 0 0 0 0 0 0 0 14 17 2 2 2 2 2 2 2 2 2 2 2 9 1 4 0 0 5 6 5 5 5 5 5 0 0 0 4 0 0 5 0 0 0 0 0 0 0 0 0 0 0 0 0 0 0 0 5 0 0 0 0 5 0 0 0 0 5 0 0 0 5 0 5 0 0 0 5 0 0 0 0 0 0 0 0 0 0 0 4 0 0 0 0 0 0 0 0 0 0 0 0 5 5 0 1 1 3 3 3 3 3 3 3 3 3 1 1 3 3 3 3 3 1 0 1 1 1 1 1 1 1 1 1 1 1 1 3 3 3 3 1 3 1 0 5 5 5 5 5 5 6 5 5 5 5 5 5 5 5 5 5 5 5 5 5 5 5 5 5 5 1 0 4 4 0 4 4 0 4 4 4 0 4 4 4 4 
4 4 4 4 4 4 4 4 4 0 0 0 4 4 0 1 0 0 0 0 5 5 5 5 5 5 5 5 5 5 5 5 5 5 5 5 0 0 0 0 0 0 4 0 0 0 0 0 0 0 0 14 17 2 2 2 2 2 2 2 2 2 2 2 2 9 1 4 0 5 5 5 5 6 5 5 5 0 4 0 0 0 4 5 5 5 0 0 0 0 0 4 0 4 0 0 4 0 0 0 5 0 0 0 0 0 5 0 0 5 0 0 0 0 5 0 5 0 0 0 5 0 0 0 0 0 0 4 4 0 4 4 4 4 4 0 0 0 4 0 0 4 0 0 0 4 4 4 4 4 1 1 1 3 3 3 3 3 3 3 3 3 1 1 1 1 0 0 0 0 0 0 0 0 0 0 0 0 0 0 1 1 1 3 3 3 1 5 5 5 6 5 5 6 5 5 6 5 5 5 6 6 6 5 6 5 6 6 5 6 6 5 5 5 1 4 4 4 4 4 0 4 4 4 4 4 4 4 4 4 
4 4 4 4 4 4 4 0 4 4 4 4 0 4 0 1 0 0 0 0 0 5 5 5 5 5 5 5 5 5 5 5 5 5 5 0 0 0 0 0 0 0 0 0 0 0 0 0 0 14 7 17 2 2 2 2 2 2 2 2 2 2 2 2 2 9 1 5 5 5 5 6 5 5 6 5 4 0 0 0 0 5 5 5 5 4 0 0 0 0 0 0 0 0 0 4 4 0 0 0 5 5 5 5 5 0 0 5 5 0 0 0 0 0 0 5 0 0 0 0 5 5 5 5 5 0 0 0 0 0 0 0 0 0 0 4 4 0 0 4 0 4 0 4 0 0 4 4 0 1 1 3 3 3 3 3 3 3 3 3 1 1 1 1 1 0 0 0 0 0 0 0 0 0 0 0 0 0 0 0 0 0 0 1 3 3 3 0 5 5 5 5 6 5 5 6 6 6 5 6 5 6 5 5 5 5 6 6 5 6 5 5 6 5 1 4 4 4 4 4 4 4 4 4 4 4 4 4 4 0 
4 4 4 4 4 4 4 4 4 4 4 4 0 0 4 1 0 0 0 0 5 5 0 0 0 0 0 0 0 0 0 4 0 0 5 5 0 0 0 0 0 0 0 0 14 7 7 7 7 17 2 2 2 2 2 2 2 2 2 2 2 2 2 2 2 9 1 5 6 5 5 6 5 5 5 5 0 0 0 0 0 4 5 5 0 0 4 4 0 0 4 0 0 0 0 0 0 0 0 0 0 0 0 0 0 0 0 0 0 0 0 0 0 0 0 0 0 0 0 0 0 0 0 0 0 0 0 0 0 0 4 0 4 0 4 4 0 4 0 0 4 4 4 0 0 4 0 4 1 3 3 3 3 3 3 3 3 3 3 3 3 3 3 3 3 1 1 1 1 1 0 0 0 0 0 0 0 0 0 1 1 1 3 3 3 3 1 4 5 5 5 5 5 5 5 5 5 5 5 5 5 5 6 6 5 6 5 5 5 5 6 6 6 5 1 0 4 4 4 4 4 4 4 4 4 4 4 4 4 0 
4 4 4 4 4 4 4 4 0 4 0 4 4 4 4 1 0 0 0 0 5 5 0 0 0 0 0 0 0 0 0 0 0 0 5 5 0 0 0 0 0 0 0 14 17 2 2 2 2 2 2 2 15 16 2 2 2 2 2 2 2 2 2 2 2 9 1 5 5 5 5 5 5 0 0 4 4 0 0 0 0 0 5 5 4 0 4 4 4 4 4 4 0 0 0 0 4 4 0 0 4 4 4 4 4 4 4 4 4 4 4 4 4 4 4 4 4 4 4 4 4 4 4 4 4 0 0 0 0 0 0 0 0 0 0 4 0 0 4 4 4 4 0 0 4 4 1 1 3 3 1 1 3 3 1 3 3 1 3 3 1 1 1 1 3 3 3 3 3 3 1 1 1 1 1 1 1 1 1 3 3 3 3 3 1 3 1 4 5 5 0 0 0 5 5 6 6 5 6 5 5 5 6 6 5 5 5 5 6 5 6 6 5 6 1 0 4 4 4 4 4 0 4 4 0 0 4 4 4 4 
4 4 4 4 0 4 4 4 4 4 4 4 4 4 4 1 0 0 0 5 5 0 0 0 4 0 0 0 4 0 0 0 0 0 0 5 5 0 0 0 0 0 0 10 2 2 2 2 2 2 2 15 12 10 2 2 15 8 8 16 2 2 2 2 2 9 1 0 0 5 5 5 5 5 5 5 4 0 4 4 0 0 5 4 4 4 4 0 4 0 0 4 0 4 0 4 4 0 0 0 0 0 0 0 0 0 0 0 0 0 0 0 0 0 0 0 0 0 0 0 0 0 0 0 0 0 0 4 4 4 4 4 4 4 4 4 4 4 4 4 4 0 4 0 1 1 3 3 3 1 1 3 3 1 1 3 3 1 1 3 3 3 1 1 1 0 1 1 3 3 3 3 3 3 3 3 3 3 3 3 3 3 1 1 1 3 1 0 4 5 0 0 0 0 0 5 6 6 6 6 5 5 6 6 6 5 6 6 5 5 5 6 5 5 1 4 4 0 4 4 4 4 4 4 4 0 4 4 4 4 
4 4 4 4 0 0 4 4 4 4 4 4 4 4 4 1 0 0 5 5 0 0 0 0 0 0 0 0 0 0 0 0 0 0 0 5 5 0 0 0 0 0 0 10 2 2 2 2 2 2 15 12 0 11 8 8 12 14 7 17 2 2 2 2 2 9 1 5 5 5 5 0 4 4 5 4 4 4 0 0 0 0 0 0 0 0 4 4 4 4 4 4 0 0 4 0 4 0 4 4 0 0 4 4 0 4 0 4 0 4 4 4 0 4 4 4 0 0 0 0 4 4 4 4 4 4 4 4 0 4 4 4 0 0 4 0 4 4 0 4 4 4 1 1 3 3 3 1 1 1 3 3 1 1 3 3 3 1 4 1 1 3 3 1 1 0 0 0 1 1 1 1 1 1 1 1 1 1 1 1 1 1 0 0 1 3 3 1 4 5 4 0 4 4 0 0 5 5 5 5 5 6 6 6 6 5 5 5 5 5 5 6 6 6 1 4 0 4 4 4 4 4 4 4 4 4 4 4 4 4 
4 4 0 0 4 4 4 4 4 4 0 4 0 0 4 1 0 0 5 5 0 0 0 0 0 0 0 0 0 0 0 0 0 0 0 0 5 5 5 5 5 5 5 10 2 2 2 2 2 2 9 0 0 0 0 0 5 10 2 2 2 2 2 2 2 9 1 0 0 5 0 0 0 0 5 5 5 0 4 5 5 4 5 0 0 0 0 0 4 0 4 4 0 0 4 4 0 4 0 4 0 4 0 4 4 4 0 0 0 4 4 0 4 4 4 0 4 0 4 4 4 4 4 4 4 4 0 4 4 4 4 4 4 4 4 4 4 4 0 4 0 1 3 3 3 1 1 1 1 3 3 1 0 1 3 1 3 1 4 4 4 1 3 3 3 1 0 0 0 0 0 0 0 0 0 0 0 0 0 0 0 0 0 0 0 1 3 1 5 5 0 3 4 4 5 0 0 5 4 3 5 5 5 5 5 5 5 3 3 3 3 3 5 5 1 4 4 4 4 0 4 4 4 4 4 4 0 4 4 0 
4 4 4 4 4 4 4 4 0 4 4 4 4 0 4 1 0 0 5 5 0 0 0 0 0 0 0 0 0 0 0 0 0 0 0 0 0 0 0 0 0 0 0 11 16 2 2 2 15 8 12 0 0 0 0 3 3 10 2 2 2 2 2 2 2 9 1 5 0 6 5 5 4 0 4 4 0 0 4 0 0 4 5 0 4 4 4 4 0 4 4 4 4 0 4 4 4 4 4 0 0 0 0 4 4 4 0 4 4 4 4 4 0 4 0 0 4 4 4 0 4 4 0 4 4 4 4 4 4 0 0 4 4 0 4 4 4 4 4 4 1 3 3 1 1 0 0 1 3 3 1 0 0 1 3 1 3 1 0 0 4 4 1 1 3 3 3 1 0 0 0 0 0 0 0 0 0 0 0 0 0 0 0 0 0 1 3 1 5 5 4 3 4 5 5 0 0 4 4 3 0 5 3 0 4 4 5 4 5 5 5 3 5 5 1 4 4 4 4 4 4 4 4 0 4 4 4 4 4 0 
4 4 0 4 4 4 4 4 4 4 4 4 4 4 4 1 0 0 5 5 0 0 0 0 0 0 0 4 0 0 0 0 0 0 0 0 0 0 0 0 0 0 0 0 11 16 2 15 12 0 0 0 0 14 7 3 3 17 2 2 2 2 2 2 2 9 1 6 5 5 5 5 5 5 5 5 0 0 0 4 5 5 0 0 0 4 0 4 4 4 4 0 14 7 7 7 7 7 7 7 13 4 0 4 4 0 0 0 4 4 4 4 0 4 4 4 4 4 4 4 4 4 4 4 0 0 4 4 0 4 4 4 4 4 4 4 0 4 4 1 3 3 1 0 0 0 1 3 3 1 0 0 0 1 3 1 3 1 0 4 4 4 0 4 1 1 3 3 1 1 0 0 0 0 0 0 0 0 0 0 0 0 0 0 0 1 3 1 4 5 0 3 4 4 4 3 4 4 4 3 0 4 4 3 0 5 5 4 4 5 5 3 5 0 1 4 4 4 4 4 4 4 0 4 4 4 4 4 4 4 
4 0 4 4 4 4 4 4 4 4 4 4 4 4 4 1 0 0 5 5 0 0 0 0 0 0 0 0 0 0 4 0 0 0 0 0 0 0 4 0 0 0 0 0 0 11 8 12 0 0 0 0 0 10 2 3 3 2 2 2 2 2 2 15 8 12 1 5 5 6 5 5 6 5 5 5 5 5 0 0 0 0 0 0 0 0 4 4 14 7 7 7 17 15 8 8 8 8 8 16 18 7 7 7 7 7 7 7 13 4 4 0 4 4 4 0 0 0 4 0 0 0 4 4 4 4 4 4 4 4 0 0 0 0 4 4 4 1 1 3 3 1 0 0 0 0 1 3 1 0 0 0 1 3 3 1 3 1 4 4 0 0 4 4 0 0 1 3 3 3 1 1 1 0 0 0 0 0 0 0 0 0 0 0 1 3 3 1 4 5 4 3 4 0 4 3 4 4 0 3 4 0 4 4 3 0 0 4 0 4 5 3 0 0 1 4 4 4 0 4 4 4 4 4 0 4 4 4 4 4 
4 4 4 4 4 4 4 4 4 4 4 4 4 4 0 1 0 0 5 5 0 0 0 4 0 0 0 0 0 0 0 0 0 0 0 0 0 0 0 0 0 0 0 0 0 0 0 0 0 0 0 0 14 17 2 3 3 2 2 2 2 2 2 9 5 1 1 5 5 5 5 5 5 5 6 5 0 0 4 4 0 4 0 0 0 0 4 14 17 15 8 8 8 12 4 4 4 4 4 11 8 8 8 8 8 8 8 8 12 0 0 4 0 0 0 4 0 0 4 4 4 4 4 4 4 4 4 0 4 0 4 0 4 0 0 4 1 3 3 3 1 0 0 0 0 1 3 3 1 0 0 0 1 3 1 1 3 1 4 4 0 0 0 4 0 0 4 1 1 3 3 3 3 1 1 1 1 0 0 0 0 0 0 1 1 3 1 0 4 5 4 3 4 3 3 3 3 3 4 3 4 4 4 4 0 3 0 3 3 3 3 3 0 4 1 4 4 4 4 4 4 4 4 4 4 4 4 0 4 4 
4 4 0 4 4 4 4 4 4 4 4 4 4 4 4 1 0 5 5 0 0 0 0 0 0 4 4 4 0 0 0 0 0 0 0 0 0 0 0 0 0 0 0 4 0 0 0 0 0 0 0 0 11 16 2 3 3 2 2 2 2 2 15 12 0 5 5 0 5 5 5 5 5 5 5 0 0 4 4 0 0 4 0 0 0 4 0 10 15 12 0 4 4 4 0 0 0 4 0 0 4 4 0 4 0 4 0 0 0 4 0 4 4 0 4 4 4 4 0 4 4 4 4 4 0 4 4 4 0 4 4 0 0 4 4 1 3 3 1 1 0 0 0 0 1 3 3 1 0 0 0 0 1 3 1 1 3 1 4 4 4 4 0 0 0 4 4 4 4 1 1 3 3 3 3 3 3 1 1 1 1 1 1 3 3 3 1 4 4 5 4 3 0 4 4 3 0 4 4 3 0 0 4 4 3 0 4 3 0 0 0 0 4 4 1 4 4 4 4 4 4 4 4 4 4 4 4 4 4 0 
4 4 4 4 4 4 4 4 0 4 0 4 4 4 4 1 0 5 5 0 0 0 0 0 4 4 0 4 0 0 0 0 0 0 0 0 0 0 0 0 0 0 0 0 0 0 0 0 0 4 0 14 7 17 2 3 3 2 15 8 8 8 12 0 0 0 5 0 5 6 5 5 6 6 5 0 0 0 5 0 0 4 0 0 0 0 4 10 9 4 4 4 0 0 4 4 4 0 0 4 0 4 4 4 4 4 0 4 4 4 4 0 4 4 4 4 4 4 0 4 4 4 4 4 4 4 4 4 0 4 4 4 0 4 1 3 3 1 0 0 0 0 0 1 3 3 1 0 0 0 0 1 3 3 1 1 3 1 4 4 4 4 4 4 4 4 4 0 4 4 4 1 1 1 3 3 3 3 3 3 3 3 3 3 3 1 4 0 4 5 4 3 4 0 0 3 0 0 0 3 4 4 4 3 4 4 4 3 4 0 0 0 0 0 1 4 4 4 4 4 4 4 4 4 4 0 4 4 4 0 
4 4 4 4 4 4 4 4 0 4 4 4 4 4 4 1 0 5 5 0 4 4 0 4 0 0 0 4 0 0 0 0 0 0 0 0 0 0 0 0 0 0 0 0 4 0 0 0 0 0 0 10 2 2 15 3 3 8 12 0 0 0 0 0 0 5 6 4 0 5 5 5 5 6 5 5 5 5 5 5 5 5 5 5 5 5 5 3 3 5 5 5 0 0 4 4 4 4 0 4 0 0 4 4 0 4 0 0 4 4 4 0 4 0 4 4 0 0 0 0 4 4 0 4 4 4 4 0 4 4 4 4 0 1 3 3 1 0 0 0 0 0 0 1 3 1 0 0 0 0 0 1 3 1 1 1 3 1 0 0 0 0 4 4 4 4 0 4 0 4 4 4 4 4 1 1 1 1 1 1 1 1 1 1 1 4 4 5 5 5 0 3 4 4 4 4 0 4 0 3 0 0 3 4 4 4 4 3 4 0 4 0 0 4 1 4 0 4 4 4 4 4 4 4 4 4 4 4 4 4 
4 4 0 4 4 4 4 4 4 4 4 4 0 4 4 1 0 5 5 0 0 0 4 0 0 0 0 0 0 1 1 0 4 0 0 0 0 0 0 4 0 0 0 0 0 0 0 0 0 14 7 17 2 2 9 3 3 0 0 0 0 0 0 0 0 5 5 0 5 6 5 5 5 5 5 0 4 0 0 0 0 0 0 4 0 4 0 10 9 0 0 5 4 4 4 4 0 0 4 4 4 4 0 0 4 0 4 4 0 0 4 4 0 0 0 4 4 4 0 4 4 4 0 4 4 0 0 4 4 4 4 5 5 3 3 1 0 0 0 0 0 0 1 3 3 1 0 0 0 0 1 3 3 1 1 3 3 1 4 0 4 4 4 0 4 0 4 4 4 4 4 4 0 4 4 4 0 4 4 4 4 0 4 4 5 5 5 5 0 0 0 3 4 4 4 0 4 4 4 3 4 0 0 4 4 0 0 3 3 3 3 3 4 0 1 4 0 4 4 4 4 4 4 4 4 4 4 4 0 4 
4 4 4 4 4 4 4 4 4 4 4 4 4 4 0 1 4 5 5 4 0 0 0 0 0 0 0 0 1 5 5 1 0 0 0 0 0 0 0 0 0 0 0 0 0 0 0 0 0 10 2 2 2 2 9 5 0 0 0 0 0 0 0 0 0 0 5 5 5 5 5 5 5 0 0 0 4 0 5 5 5 5 5 5 0 0 14 17 9 4 4 5 0 0 4 0 4 4 4 4 4 0 4 4 4 5 5 5 5 5 4 4 0 4 4 4 4 0 4 4 0 4 0 4 4 4 0 4 0 4 5 5 1 3 1 0 0 0 0 0 0 1 3 3 1 0 0 0 0 0 1 3 1 0 1 3 3 5 5 5 4 4 4 4 4 5 0 0 0 4 4 4 4 4 4 4 0 0 4 4 5 5 5 5 5 4 4 0 4 4 0 4 4 4 0 0 0 4 4 0 0 0 4 0 4 5 5 5 5 5 0 4 0 0 1 4 4 4 4 4 0 4 4 4 4 0 4 4 4 4 
4 4 0 4 4 4 4 4 4 4 4 4 0 0 0 1 4 5 5 0 0 0 0 0 0 0 0 1 5 5 5 5 1 0 0 0 0 0 0 0 0 0 0 0 0 0 0 0 0 11 16 2 2 2 18 13 0 0 0 0 0 0 0 0 0 5 5 5 6 5 6 5 6 5 5 5 5 5 5 5 5 0 0 4 5 14 17 2 9 5 5 5 4 0 0 0 0 0 4 5 5 5 5 5 5 5 4 0 4 5 5 5 5 5 5 5 5 4 4 4 0 0 4 4 5 5 5 5 5 5 5 1 3 3 5 5 5 5 5 5 5 5 3 1 0 0 0 0 0 1 3 3 5 5 5 3 3 1 4 5 5 5 5 5 5 5 5 4 4 4 4 0 4 4 5 5 5 5 5 5 5 0 4 0 5 5 5 5 5 5 5 5 5 0 4 0 0 4 4 5 5 5 5 5 5 5 1 1 4 5 5 5 5 5 1 4 4 4 4 4 4 4 4 4 4 0 0 4 4 4 
4 4 4 4 4 4 4 4 4 4 0 4 4 0 4 1 4 0 5 5 0 0 0 0 0 0 1 5 5 5 5 5 5 1 0 0 0 0 0 0 0 0 4 0 0 0 0 0 0 5 10 2 2 2 2 9 0 0 0 0 0 0 0 0 0 5 5 5 5 5 5 5 5 0 0 5 0 0 0 14 7 7 7 7 7 17 2 15 12 4 4 5 0 0 4 4 5 5 5 5 4 0 4 4 0 0 4 4 4 0 4 0 4 4 4 0 5 5 5 5 0 5 5 5 5 0 4 4 4 4 0 1 3 1 0 0 0 0 0 0 1 3 3 5 5 0 5 5 5 5 3 1 0 0 1 3 1 4 4 4 4 0 0 0 4 4 5 5 5 5 4 4 5 5 5 4 4 0 4 4 4 4 4 4 4 4 4 4 4 4 4 4 5 0 4 0 5 5 5 5 0 4 4 0 4 0 4 4 1 4 0 0 0 4 1 4 4 4 4 4 4 4 4 4 0 4 4 4 4 4 
4 4 4 0 4 4 4 4 4 4 4 4 4 4 0 1 0 0 5 5 0 0 4 0 0 1 5 5 5 5 5 5 5 5 1 0 0 0 0 0 0 0 0 0 0 4 0 0 14 7 17 2 2 2 2 18 7 7 7 13 0 0 0 0 0 5 5 5 5 6 5 5 0 4 0 0 0 0 0 10 2 2 2 2 2 2 2 9 0 4 4 5 5 5 5 5 5 4 4 4 4 4 0 4 4 4 4 4 4 0 4 0 0 4 0 4 4 4 4 5 5 5 4 0 0 4 4 4 0 4 4 1 3 1 0 0 0 0 0 0 1 3 1 1 5 5 5 1 1 3 3 1 0 0 1 3 1 4 0 4 0 0 4 0 4 0 4 0 4 5 5 5 5 4 4 4 4 4 4 0 4 0 0 4 0 4 4 4 4 4 4 0 5 5 5 5 5 0 4 0 0 4 4 4 0 4 0 4 1 4 4 4 0 4 1 4 4 4 4 4 4 4 0 4 4 4 4 4 4 4 
4 4 4 4 4 4 0 0 4 0 4 4 4 4 4 1 0 0 0 5 5 0 0 0 1 5 5 5 5 5 5 5 5 5 5 1 0 0 0 4 0 0 0 0 0 0 0 0 10 2 2 2 2 2 2 2 2 2 2 18 7 13 0 0 0 0 0 0 5 6 5 5 5 0 0 0 4 0 0 10 2 15 8 8 8 8 8 12 4 0 4 4 0 4 0 4 0 4 0 4 4 4 0 4 4 4 4 0 4 4 0 4 4 4 4 4 4 4 4 4 4 4 4 4 14 7 7 13 0 4 4 1 3 1 0 0 0 0 0 0 1 3 1 0 0 0 0 1 3 3 1 0 0 0 1 3 1 0 0 4 0 4 4 0 0 4 4 4 4 0 4 0 4 4 5 0 1 1 1 1 1 1 4 4 4 4 4 4 4 0 1 0 4 4 4 0 4 0 1 4 0 0 1 1 1 4 4 4 1 0 0 0 0 0 1 4 4 4 4 4 4 0 4 4 4 4 4 4 4 4 
4 4 4 4 4 4 4 4 4 4 4 4 4 4 4 1 0 0 0 0 5 5 0 0 1 1 1 1 1 1 5 1 1 1 1 1 0 0 0 0 0 0 0 0 0 0 0 0 10 2 2 2 2 2 2 2 2 2 2 2 2 18 13 0 0 5 5 5 0 5 5 0 0 0 0 5 0 4 0 10 2 9 4 0 0 4 4 4 4 4 0 0 4 4 0 4 4 4 4 4 0 0 0 0 4 0 4 0 4 0 4 4 4 0 4 4 4 4 4 4 14 7 7 7 17 15 8 12 0 0 4 1 3 1 0 0 0 0 0 1 3 3 1 0 0 0 0 1 3 3 1 0 0 0 1 3 1 4 4 0 4 4 4 4 0 4 0 4 4 0 4 0 0 4 5 4 1 4 4 4 4 4 4 4 0 4 4 4 0 4 1 1 0 4 0 0 4 1 1 0 0 1 0 4 0 4 0 1 0 0 4 4 0 0 1 4 4 4 4 4 0 4 4 0 4 4 0 0 4 4 
4 0 4 4 4 4 4 4 4 0 4 4 0 4 4 1 0 0 0 0 5 5 0 0 1 5 5 5 5 5 5 5 5 5 5 1 0 0 0 0 0 0 0 0 0 0 0 0 10 2 2 2 2 2 2 2 2 2 2 2 2 2 18 7 13 6 5 5 0 5 5 0 0 0 5 5 5 0 4 10 2 9 0 0 4 4 4 4 0 0 0 0 4 4 0 0 4 0 4 4 4 4 4 4 0 4 4 0 4 4 4 4 4 4 4 4 4 4 4 14 17 15 8 8 8 12 4 4 4 4 4 1 3 3 1 0 0 0 0 1 3 1 0 0 0 0 1 3 3 1 0 0 0 0 1 3 1 4 0 4 4 4 4 4 0 4 4 0 0 4 0 0 0 4 4 4 1 0 0 4 0 4 4 4 0 4 0 0 0 4 1 0 1 0 4 4 1 4 1 4 0 1 4 0 0 0 1 0 0 4 0 0 4 4 1 4 4 4 4 4 4 4 4 4 4 4 4 4 4 4 
4 0 4 4 4 4 4 4 0 4 4 0 0 0 4 1 0 0 0 0 5 5 0 0 1 5 5 5 5 5 5 5 5 5 5 1 0 0 0 0 4 0 0 0 0 0 0 0 10 2 2 2 2 2 2 2 15 8 8 16 2 2 2 2 18 13 0 0 0 5 5 5 5 5 5 0 4 0 0 10 2 9 0 4 0 4 0 4 4 4 4 0 4 0 4 4 0 4 4 4 4 4 4 4 4 0 4 4 0 0 0 4 4 4 4 4 14 7 7 17 15 12 4 0 4 4 4 0 4 4 4 4 1 3 3 1 1 0 0 1 3 1 0 0 0 1 3 3 1 0 0 0 0 0 1 3 1 0 4 0 0 0 4 0 4 0 4 0 4 4 4 0 4 0 0 4 1 4 4 0 4 0 4 1 1 1 1 1 1 4 1 4 1 0 0 0 1 4 1 4 0 1 4 4 0 0 1 1 1 0 4 0 0 0 1 4 4 4 4 4 0 0 4 4 0 4 4 4 4 0 
4 4 4 4 0 4 4 4 4 4 4 4 4 4 0 1 0 0 0 0 5 5 0 0 1 5 5 5 5 5 5 1 1 1 5 1 0 0 0 0 0 0 0 0 0 0 14 7 17 2 2 2 2 2 2 15 12 0 0 11 8 16 2 2 2 18 7 7 13 5 5 5 5 5 5 0 0 0 0 10 2 9 4 0 0 4 4 4 4 0 4 4 4 0 0 4 4 4 4 0 4 4 14 7 7 7 7 7 7 7 7 7 7 7 7 7 17 15 8 8 12 4 0 4 0 0 0 0 0 0 4 0 4 1 3 3 3 1 1 3 3 1 0 0 1 3 3 1 0 0 0 0 0 1 3 3 1 4 0 0 4 0 4 4 0 4 4 0 4 4 4 4 4 0 4 4 1 4 4 4 4 4 4 0 4 0 4 4 4 4 1 4 1 0 4 0 1 4 1 4 1 4 4 0 4 0 4 0 0 0 0 0 0 0 1 4 4 4 4 4 4 4 4 4 0 4 4 0 4 4 
4 4 4 4 4 4 4 4 4 4 4 4 4 4 4 1 4 0 0 0 5 5 0 0 1 5 5 5 5 5 5 1 0 1 5 1 0 0 0 0 0 0 0 0 0 0 10 2 2 2 2 2 2 2 15 12 0 0 0 0 0 11 16 2 2 2 2 2 18 7 13 5 5 5 5 4 0 0 14 17 2 9 0 0 0 0 0 0 0 0 0 0 0 4 4 4 4 4 0 4 14 7 17 2 2 2 2 2 2 2 2 2 2 2 2 2 2 9 0 4 4 4 4 4 4 0 0 0 4 4 0 0 4 4 1 3 3 3 3 3 3 1 0 1 3 3 1 0 0 0 0 0 0 1 3 3 1 4 4 4 4 0 0 4 4 0 4 0 4 0 4 0 4 4 4 4 1 1 1 1 1 1 4 4 4 0 4 4 0 0 1 0 1 0 4 0 1 0 1 0 1 0 4 4 4 4 4 4 4 0 0 0 0 0 1 4 4 4 0 4 4 4 4 4 4 4 4 4 4 4 
4 4 4 0 4 4 4 4 4 4 4 4 4 4 0 1 0 0 0 0 0 5 5 0 1 5 5 5 5 5 5 1 0 1 5 1 0 4 0 0 0 0 0 0 0 0 10 2 2 2 2 2 2 15 12 0 0 0 0 0 0 0 11 16 2 2 2 2 2 2 18 13 5 5 5 4 0 14 17 2 2 9 0 0 0 0 4 4 4 4 4 4 4 4 4 4 4 14 7 7 17 2 2 15 8 8 8 8 8 8 8 8 8 8 8 8 16 18 7 13 4 4 4 0 4 4 4 4 4 4 4 4 4 4 4 1 1 1 3 3 3 1 1 3 3 1 0 0 0 0 0 0 0 1 3 3 1 4 0 4 0 0 4 0 0 4 4 4 4 0 0 0 4 4 4 4 1 0 0 4 0 0 0 0 4 4 4 0 4 4 1 0 4 1 0 1 0 0 1 4 1 0 4 4 4 0 0 0 4 0 4 0 0 0 1 4 4 4 4 4 4 4 4 4 0 4 4 4 4 0 
4 0 4 4 4 4 4 4 4 4 4 4 4 0 4 1 0 0 0 0 0 0 5 5 5 5 5 5 5 5 5 1 0 1 5 1 0 0 0 0 0 0 0 0 0 0 10 2 2 2 2 2 15 12 0 0 0 0 0 0 0 0 0 11 8 8 16 2 2 2 2 18 7 7 7 7 7 17 15 8 8 12 0 0 4 0 0 0 4 4 0 4 4 0 0 4 14 17 2 2 2 15 8 12 4 0 4 0 0 0 0 4 4 0 4 4 11 8 16 18 13 4 4 4 4 4 0 0 4 0 4 4 0 0 0 0 0 0 1 1 3 3 3 3 1 0 0 0 0 0 0 0 1 3 3 1 0 4 0 0 4 4 0 0 4 0 4 4 0 0 0 4 0 4 0 4 1 0 0 4 4 0 4 1 1 1 1 1 1 4 1 0 4 1 4 1 0 0 1 0 1 0 4 4 0 4 4 4 0 0 4 0 0 0 1 4 4 4 4 4 4 4 4 0 4 4 4 4 4 4 
4 4 4 4 4 4 0 4 4 4 0 4 4 4 4 1 0 0 0 0 0 0 5 5 5 5 5 5 5 5 5 1 1 1 5 1 0 0 0 0 0 0 0 0 0 0 11 16 2 2 2 2 9 0 0 0 0 0 0 0 0 0 0 0 0 1 11 8 16 2 2 2 15 8 16 2 2 2 9 5 5 0 0 0 0 4 0 4 0 4 0 4 4 0 4 14 17 2 15 8 8 12 0 0 4 4 4 4 4 0 0 4 0 4 0 4 0 0 11 16 18 7 7 7 7 13 4 0 0 0 0 4 4 0 4 0 0 4 4 4 1 1 3 3 1 0 0 0 0 0 0 0 1 3 3 1 0 0 4 4 4 4 0 0 4 0 0 0 0 0 0 0 4 4 0 0 1 0 0 4 4 0 0 4 0 4 4 0 4 4 1 4 0 1 0 1 0 0 1 0 0 1 4 0 4 4 4 0 0 0 0 0 0 0 1 4 4 4 0 4 4 4 4 4 4 4 4 4 4 4 
4 4 4 4 4 4 4 4 4 4 4 4 4 4 0 1 0 0 4 0 0 0 0 0 1 5 5 5 5 5 5 5 5 5 5 5 5 5 5 5 5 5 5 5 5 5 5 3 3 3 3 3 3 0 0 0 0 0 0 0 0 0 0 0 0 1 0 5 11 16 2 2 18 13 11 8 16 2 18 7 7 7 7 7 7 7 7 7 7 7 7 7 7 7 7 17 15 8 12 0 0 0 4 0 4 0 4 0 0 4 0 0 0 4 0 0 0 4 4 11 8 8 8 8 16 18 7 7 7 7 13 0 0 4 4 0 4 0 0 0 4 4 1 3 3 1 0 0 0 0 0 1 3 3 1 0 0 0 4 0 0 0 4 4 0 0 4 4 4 0 0 0 4 0 0 0 1 4 0 0 4 0 4 0 0 0 0 0 4 0 1 0 4 1 0 1 0 0 1 0 0 1 4 0 4 0 4 0 0 0 0 0 0 0 1 4 4 4 4 4 4 4 4 4 4 4 4 4 0 0 
4 0 4 4 4 0 4 0 4 4 4 4 0 4 4 1 0 0 0 0 0 0 0 0 1 5 5 5 5 5 5 5 5 5 5 1 5 4 4 0 0 4 4 0 0 0 14 17 2 2 2 15 12 0 0 0 0 0 0 0 0 0 0 0 0 3 0 0 3 3 3 3 3 3 3 0 11 8 8 16 2 2 2 2 2 2 2 2 2 2 2 2 2 2 2 2 9 14 7 7 13 0 0 0 0 0 0 0 0 0 0 0 0 0 0 0 0 0 0 0 0 0 0 0 11 8 8 8 8 8 12 0 0 0 0 0 0 0 0 0 0 0 0 1 3 3 1 1 0 1 1 3 3 1 0 0 0 0 0 0 0 0 0 0 0 0 0 0 0 0 0 0 0 0 0 0 1 0 0 0 0 0 0 0 0 0 0 0 0 0 1 0 0 0 1 0 0 0 1 0 0 1 0 0 0 0 0 0 0 0 0 0 0 0 1 4 4 4 4 4 4 4 0 4 4 4 4 4 4 0 
4 4 4 4 4 4 4 4 0 4 4 4 0 4 4 1 0 0 0 0 0 4 0 0 1 1 1 1 1 1 1 1 1 1 1 1 5 0 0 0 0 0 4 0 0 14 17 2 2 2 2 9 0 0 0 0 0 0 0 0 0 0 0 0 0 1 0 0 0 11 16 2 2 18 13 0 0 0 0 11 8 8 8 8 8 8 8 8 8 8 8 8 8 8 8 16 18 17 2 2 18 13 0 0 0 0 0 0 4 0 0 0 0 0 4 0 0 0 0 0 0 0 0 0 0 0 0 0 0 0 0 0 0 0 0 4 0 0 4 0 0 0 0 0 1 3 3 3 1 3 3 3 1 0 0 0 0 0 0 0 0 0 0 0 0 4 0 0 0 0 0 0 0 0 0 0 1 1 1 1 1 1 0 0 0 0 0 0 0 0 1 0 0 0 1 0 0 0 1 0 0 0 1 1 1 0 0 0 0 0 0 0 0 0 1 4 0 0 4 4 4 4 4 4 0 4 4 4 0 4 
4 4 4 4 4 0 4 4 4 4 4 4 4 0 4 1 0 0 0 0 0 0 0 0 1 0 0 4 0 0 0 0 0 0 0 0 5 0 0 0 0 0 0 4 0 10 2 2 2 2 2 9 0 0 0 0 0 0 0 0 0 0 0 0 0 1 0 0 0 0 11 16 2 2 9 0 0 0 0 0 0 0 0 0 0 0 0 0 0 0 4 0 0 0 0 11 8 8 8 16 2 18 13 0 0 0 0 0 0 0 0 0 0 0 0 0 0 0 0 0 0 0 0 0 0 0 0 0 0 0 0 0 0 0 0 0 0 0 0 0 0 0 0 0 0 1 1 3 3 3 3 1 0 0 0 0 0 0 0 0 0 0 0 0 0 0 0 0 0 0 0 0 0 0 0 0 0 0 4 0 0 0 0 0 4 0 0 0 0 0 0 0 0 0 0 0 0 0 0 0 0 0 0 0 0 0 0 0 0 0 0 0 0 0 1 4 4 4 4 0 4 4 4 4 4 0 0 0 4 4 
4 4 4 0 0 4 0 0 4 4 0 4 4 4 0 1 1 1 1 1 1 1 1 1 1 1 1 1 1 1 1 1 1 1 1 1 1 1 1 1 1 1 1 1 1 10 2 2 2 2 2 9 1 1 1 1 1 1 1 1 1 1 1 1 1 1 1 1 1 1 1 10 2 2 9 1 1 1 1 1 1 1 1 1 1 1 1 1 1 1 1 1 1 1 1 1 1 1 1 10 2 2 9 1 1 1 1 1 1 1 1 1 1 1 1 1 1 1 1 1 1 1 1 1 1 1 1 1 1 1 1 1 1 1 1 1 1 1 1 1 1 1 1 1 1 1 1 1 1 1 1 1 1 1 1 1 1 1 1 1 1 1 1 1 1 1 1 1 1 1 1 1 1 1 1 1 1 1 1 1 1 1 1 1 1 1 1 1 1 1 1 1 1 1 1 1 1 1 1 1 1 1 1 1 1 1 1 1 1 1 1 1 1 1 1 4 4 4 4 4 0 4 4 4 4 4 4 0 4 4 
4 4 4 4 4 4 4 4 4 4 4 4 4 4 4 4 4 4 4 4 4 4 4 4 4 4 4 4 4 4 4 4 4 4 4 4 0 4 4 4 4 0 4 4 4 10 2 2 2 2 2 9 4 4 0 4 4 4 4 4 0 0 4 4 4 4 4 4 4 4 4 10 2 2 9 4 4 4 4 4 4 4 4 0 4 4 4 0 4 4 4 0 0 4 4 0 4 4 4 10 2 2 9 4 4 4 4 4 4 4 4 4 0 4 4 0 4 4 4 4 4 4 4 4 4 0 4 0 4 4 4 4 4 4 4 4 4 4 0 4 4 4 4 0 0 4 4 4 4 4 4 0 0 4 4 4 4 4 4 0 4 4 0 4 0 4 4 4 4 4 4 4 0 4 4 4 4 4 4 4 4 0 4 4 4 4 0 4 4 4 4 4 0 4 4 4 4 0 4 0 4 4 4 4 0 4 4 4 4 0 4 4 4 4 0 4 0 4 4 4 4 4 4 4 4 4 4 4 4 4 
4 4 4 4 0 4 4 4 0 4 4 4 0 4 4 4 4 4 4 4 4 4 4 4 4 4 4 4 4 4 4 4 4 4 4 4 0 4 4 4 0 4 4 4 4 10 2 2 2 2 2 9 0 4 4 0 0 4 0 4 4 4 4 4 4 4 4 4 4 4 4 10 2 2 9 4 4 4 4 4 0 4 4 4 4 4 4 4 4 0 4 0 4 4 4 4 4 4 0 10 2 2 9 4 4 0 4 4 4 4 4 0 4 0 4 4 4 4 4 4 4 4 4 4 4 4 4 4 4 4 4 4 0 4 4 4 4 4 4 4 4 4 0 4 4 4 0 4 0 0 0 4 0 4 4 0 4 4 4 4 4 4 4 0 4 4 4 4 4 4 4 4 0 4 4 0 4 4 4 4 4 4 0 4 4 4 4 4 4 4 4 4 4 4 4 4 0 4 0 4 4 4 4 4 4 4 4 4 4 4 4 0 4 4 4 4 0 4 0 4 4 4 4 0 0 4 4 4 4 4 
4 4 4 4 4 4 0 4 4 4 4 4 4 4 4 4 4 4 4 4 4 4 4 4 0 4 4 4 4 4 4 4 0 4 4 4 0 4 4 4 4 4 4 4 4 10 2 2 2 2 2 9 4 4 4 4 4 0 4 0 4 4 0 4 0 4 4 4 4 4 0 10 2 2 9 4 4 4 4 4 4 4 4 4 4 4 0 4 4 4 4 4 4 4 4 4 0 4 4 10 2 2 9 4 4 4 4 0 4 4 4 4 4 4 4 4 4 4 4 4 4 4 4 4 4 4 4 4 4 4 0 4 4 0 4 4 4 4 4 4 0 4 0 4 4 0 4 4 4 4 4 4 4 4 4 4 4 4 4 4 4 4 4 4 4 4 4 4 4 0 4 4 4 0 4 4 4 4 4 4 4 4 0 4 4 4 4 4 4 4 4 4 4 0 4 4 4 4 4 4 4 4 4 4 0 0 4 4 4 4 4 4 4 4 4 4 0 4 4 4 4 4 4 4 4 4 4 4 4 4 
4 4 4 0 4 4 4 0 4 0 4 4 4 4 0 4 4 4 0 0 0 0 4 4 4 4 4 4 4 4 4 0 4 0 0 4 4 4 0 4 4 4 4 4 4 10 2 2 2 2 2 9 4 0 4 0 4 4 4 4 4 4 4 4 4 4 4 0 4 4 4 10 2 2 9 4 4 4 4 0 4 4 0 4 4 4 4 4 4 4 0 4 4 4 4 4 4 4 4 10 2 2 9 4 4 0 0 0 4 4 4 4 0 0 4 4 4 4 4 4 0 4 4 4 4 0 4 4 4 0 4 4 0 4 4 4 0 4 4 4 4 4 4 0 4 0 4 4 4 4 4 4 4 4 4 4 4 4 4 0 4 4 0 4 4 4 4 0 4 4 4 4 0 4 4 4 0 4 0 4 4 0 4 0 4 4 4 4 4 4 4 4 0 4 4 4 4 4 4 4 4 4 4 4 4 4 0 4 4 4 4 4 4 4 4 0 4 4 0 4 4 4 4 4 4 0 4 4 4 4 
4 4 0 4 4 4 4 4 4 4 4 4 4 4 4 4 4 4 4 4 4 4 4 4 4 4 4 4 4 4 4 4 4 4 0 4 4 4 4 0 4 0 4 4 0 10 2 2 2 2 2 9 0 4 0 4 4 0 4 4 4 4 0 0 4 4 4 4 4 4 4 10 2 2 9 4 0 0 4 4 4 0 4 4 4 4 4 4 4 0 4 4 4 4 0 0 4 4 4 10 2 2 9 0 4 0 4 4 4 4 4 4 4 0 4 4 4 4 4 0 4 0 4 4 4 4 4 4 4 4 4 0 4 4 4 4 4 4 4 4 4 4 4 4 4 0 0 4 4 4 4 4 4 0 4 0 4 4 0 4 4 4 0 4 4 4 4 4 4 0 4 4 4 4 4 4 4 4 4 4 4 0 4 4 4 0 0 4 4 4 4 4 4 4 4 0 4 4 4 4 4 4 4 4 0 4 4 4 4 4 4 4 4 0 4 0 0 0 4 4 0 4 4 4 4 4 4 4 4 4 
4 4 4 4 4 0 4 4 4 4 4 0 4 4 4 4 4 4 4 4 4 4 4 4 4 4 4 4 4 4 4 4 0 4 4 0 4 4 4 4 4 4 4 4 4 10 2 2 2 2 2 9 4 4 4 4 4 4 4 4 4 4 0 4 4 0 4 4 4 4 4 10 2 2 9 4 4 4 4 4 4 4 4 4 4 4 0 4 4 4 4 0 4 4 4 4 4 4 4 10 2 2 9 4 4 4 4 4 4 0 4 4 4 4 0 4 4 4 4 4 0 0 0 4 4 4 4 4 0 4 4 4 4 4 0 4 4 4 4 4 4 4 0 4 4 4 4 4 4 0 4 4 4 4 4 0 4 4 4 4 4 4 4 4 4 4 4 4 4 4 4 4 4 4 4 4 4 4 4 4 4 4 4 4 4 4 4 4 0 4 4 4 4 4 4 4 0 0 4 4 4 4 0 0 4 4 4 4 4 4 0 4 4 4 0 4 4 4 4 0 4 4 4 4 0 4 4 4 4 4 
4 4 4 4 4 4 4 0 4 4 4 4 4 4 4 4 4 4 4 0 4 4 4 4 4 4 4 0 4 4 4 4 4 4 4 0 0 4 4 4 4 0 4 0 0 10 2 2 2 2 2 9 4 0 4 4 4 4 4 4 4 4 4 4 4 0 4 4 4 4 4 10 2 2 9 0 4 4 4 4 4 4 4 4 0 0 0 0 4 4 4 4 4 4 4 4 4 0 4 10 2 2 9 4 4 4 4 4 4 4 4 4 4 4 4 4 4 4 4 4 4 4 4 4 4 4 4 0 4 4 0 4 4 4 4 4 4 4 0 4 4 4 4 4 4 4 4 4 0 4 4 0 0 4 4 4 4 4 4 4 0 0 4 4 4 4 4 4 4 4 4 0 4 4 4 4 4 4 4 4 0 4 4 4 4 4 4 0 4 4 0 4 4 4 4 4 4 4 4 4 4 4 4 0 4 4 0 4 4 4 4 4 4 4 4 0 4 4 4 4 0 4 4 4 4 0 4 0 4 0 
4 4 4 4 4 4 4 4 4 4 4 4 4 4 4 4 4 4 4 4 4 4 0 0 4 4 4 4 4 4 4 4 4 0 0 4 4 4 0 0 4 0 4 4 4 10 2 2 2 2 2 9 4 4 0 4 4 4 4 4 4 4 0 4 4 0 4 4 4 4 0 10 2 2 9 4 4 4 4 4 4 4 4 4 4 4 4 4 4 4 4 4 4 4 4 4 4 4 0 10 2 2 9 4 4 4 4 4 4 4 0 4 4 4 0 4 4 4 4 4 4 4 4 0 4 4 0 4 4 0 4 4 4 4 4 4 0 4 0 4 4 4 4 4 4 4 4 4 4 0 0 4 4 4 0 4 4 4 4 4 4 4 4 4 4 4 4 4 4 4 4 4 0 4 0 4 4 0 4 4 4 4 4 4 0 4 4 0 4 4 4 4 4 4 4 4 4 4 4 4 4 4 0 4 4 4 4 4 4 4 4 4 4 4 4 4 4 4 4 4 4 4 4 0 4 4 4 4 4 4 
4 4 4 4 4 4 4 4 4 4 0 4 4 4 4 0 4 4 4 0 4 4 4 4 4 4 4 4 4 4 4 4 4 4 4 4 4 4 4 4 0 4 4 4 4 10 2 2 2 2 2 9 4 4 4 4 4 4 0 0 4 4 4 4 0 4 4 4 4 4 4 10 2 2 9 4 4 4 4 4 4 4 4 0 4 4 4 4 4 4 4 4 4 0 4 4 0 4 4 10 2 2 9 4 4 4 4 4 4 0 0 4 0 4 0 4 4 4 0 0 4 4 4 4 4 4 4 4 4 4 4 4 4 4 4 0 4 4 0 4 0 0 0 4 4 4 4 4 4 4 0 4 0 4 4 4 4 4 0 4 4 4 4 4 4 4 0 0 4 4 0 0 4 4 4 4 4 4 4 4 4 4 4 4 4 4 4 4 4 4 4 0 4 4 4 4 0 4 0 4 4 4 4 4 4 4 0 4 4 4 4 4 0 4 0 4 4 4 4 4 4 4 4 4 4 0 4 4 4 4 
4 4 4 0 4 4 4 4 4 0 4 4 4 4 4 4 4 4 4 4 4 4 4 4 4 4 4 4 4 4 4 4 4 4 4 4 4 4 4 4 4 4 4 4 4 10 2 2 2 2 2 9 4 4 4 4 4 4 4 4 4 4 4 4 4 4 4 4 4 4 4 10 2 2 9 4 4 4 4 4 4 4 4 4 4 4 4 4 4 4 4 4 4 4 0 4 4 4 4 10 2 2 9 0 4 4 4 4 4 4 0 4 4 4 4 4 4 0 4 0 4 4 0 4 4 4 4 4 4 4 4 4 0 4 4 4 4 4 4 4 4 4 4 4 0 4 4 4 4 0 4 4 0 4 4 4 4 4 4 0 4 4 4 4 0 4 4 4 4 4 4 4 4 4 4 4 4 4 4 4 0 4 4 4 4 4 4 4 4 4 4 4 0 4 4 4 4 4 4 4 4 4 4 0 4 4 4 4 4 4 4 4 4 0 4 4 4 4 4 4 0 4 0 4 4 4 0 4 4 0 
4 0 4 4 4 4 4 0 4 4 4 4 4 4 4 4 4 4 4 4 4 4 0 4 4 4 4 0 4 4 4 4 4 4 4 0 4 0 4 4 4 0 4 4 4 10 2 2 2 2 2 9 4 4 4 4 4 4 4 4 4 4 0 4 4 4 4 0 4 4 0 10 2 2 9 4 4 4 4 0 4 4 0 4 4 0 4 0 4 4 4 4 4 0 4 4 4 4 4 10 2 2 9 0 4 4 4 4 4 4 4 4 4 4 4 4 4 4 4 4 4 4 4 4 4 4 4 0 0 4 0 4 4 4 4 4 4 4 4 4 4 4 4 4 4 4 4 0 4 4 0 4 4 4 4 4 4 4 4 0 4 4 0 4 4 0 4 4 0 4 0 4 0 4 4 4 4 4 4 4 0 4 4 4 4 4 4 4 4 4 4 4 0 0 4 4 4 4 4 4 4 4 4 4 0 4 0 4 4 4 4 4 4 4 4 4 4 4 4 4 4 4 4 4 4 4 4 0 4 4 
4 4 4 4 4 4 0 0 4 4 4 4 4 4 4 0 4 0 4 4 4 4 0 4 4 0 4 4 4 4 0 4 4 4 4 4 4 4 4 4 4 4 4 4 4 10 2 2 2 2 2 9 0 0 4 0 4 4 4 4 4 4 4 4 0 4 4 0 4 4 4 10 2 2 9 4 4 4 4 4 4 4 4 4 4 0 4 4 4 0 4 4 4 4 4 4 4 0 4 10 2 2 9 4 4 4 4 0 4 4 4 4 4 4 0 4 4 0 4 4 4 4 4 0 4 4 4 0 4 4 4 4 4 0 4 4 4 4 4 4 4 4 4 0 4 4 4 4 4 0 0 4 0 0 4 4 4 4 4 4 4 4 0 4 4 0 4 4 4 4 0 4 4 4 0 0 4 4 4 4 0 4 4 4 0 4 4 4 4 4 4 4 4 4 4 4 4 4 4 4 4 4 4 4 0 4 4 4 4 4 4 4 4 0 4 0 4 4 4 4 4 4 0 4 4 4 4 4 4 0 
4 4 0 4 4 4 4 4 4 4 4 4 4 4 4 4 4 4 0 4 4 4 4 0 4 4 4 4 4 4 0 4 4 4 4 0 0 4 4 4 4 4 4 4 4 10 2 2 2 2 2 9 4 4 4 4 4 0 4 0 4 4 4 4 0 4 4 4 4 4 4 10 2 2 9 4 4 4 0 4 4 4 4 4 4 4 4 4 4 4 0 4 4 4 4 4 4 4 4 10 2 2 9 4 4 4 4 4 0 4 0 4 0 4 4 0 4 4 4 4 4 4 0 4 0 4 4 0 4 4 4 4 0 4 4 4 4 4 4 4 4 4 4 4 4 4 0 0 4 4 4 4 4 4 4 4 4 4 4 4 4 0 4 4 4 4 4 4 4 4 4 4 4 4 4 4 4 4 4 4 4 4 0 4 4 4 4 4 4 4 4 4 4 4 4 4 4 0 4 0 4 4 4 4 0 4 4 4 0 4 0 4 0 4 4 4 0 4 4 4 4 4 0 4 4 4 4 0 4 4 
4 4 0 4 4 4 4 4 4 4 4 4 4 4 4 0 4 4 4 4 4 4 4 4 4 4 4 0 4 0 4 4 4 4 4 0 4 4 4 0 4 4 4 4 4 10 2 2 2 2 2 9 0 4 4 0 4 4 4 4 4 4 4 4 4 4 4 4 4 4 0 10 2 2 9 4 4 4 4 4 4 4 4 4 4 4 0 4 4 4 4 0 4 4 4 4 4 4 4 10 2 2 9 4 4 0 4 4 0 4 0 4 4 4 4 4 4 4 4 4 4 4 4 4 4 4 4 4 4 4 4 4 4 4 4 4 4 0 4 4 0 4 4 4 4 4 0 4 4 4 4 4 0 4 4 0 4 4 4 4 4 4 4 4 4 4 4 0 4 0 0 4 4 4 4 4 4 4 4 4 0 4 4 4 0 4 4 4 4 4 4 4 4 4 4 0 4 0 4 4 0 4 4 4 4 4 4 4 4 4 0 4 4 4 4 0 4 4 0 4 4 4 4 4 0 4 4 4 4 4 
4 4 0 4 0 4 4 0 4 4 4 4 4 4 4 0 4 4 4 4 4 4 4 4 4 4 4 4 4 0 4 4 0 4 4 4 4 0 4 4 0 0 0 0 4 10 2 2 2 2 2 9 0 4 4 4 4 0 4 4 4 0 4 4 4 4 4 4 4 4 4 10 2 2 9 4 4 4 4 0 4 4 4 4 0 4 4 4 4 4 4 4 4 4 4 4 0 4 0 10 2 2 9 4 4 4 4 4 4 4 4 4 4 4 0 4 4 0 4 4 4 4 4 4 4 4 4 4 4 0 4 4 4 4 4 4 4 4 4 4 0 4 4 0 4 4 4 4 4 4 4 0 4 4 4 4 4 0 4 4 4 4 4 4 4 4 4 4 0 4 4 4 4 0 4 4 4 4 4 4 4 4 4 4 4 4 4 4 4 4 4 4 4 4 4 4 4 0 4 4 4 4 4 0 4 4 4 4 4 0 4 4 0 0 0 4 4 4 0 4 4 4 4 4 4 4 4 4 4 4 
